2.437419685141347259e+01
2.404289330640683886e+01
2.427813792273769522e+01
2.437806338077336932e+01
2.445333785084944367e+01
2.433129862577010272e+01
2.359625690592064018e+01
2.437114847255949357e+01
1.909715263166623345e+01
1.994052678127123457e+01
1.769403556004707312e+01
2.434157232396157511e+01
1.757972756860765884e+01
2.018611260549684516e+01
1.935255074873951386e+01
2.632650051733423524e+01
2.626008792489763266e+01
2.055898686379939377e+01
2.052350407622400397e+01
2.426362812281876913e+01
2.430467731689853750e+01
2.180551240059365981e+01
2.606222355908458255e+01
2.311140026240021683e+01
2.386919082257099589e+01
2.359706987793660105e+01
2.292932477128621471e+01
1.981084999540230740e+01
1.947698502305617652e+01
2.467995158585688742e+01
2.496996235623244687e+01
2.427969089150791504e+01
2.313717624909136816e+01
