V1    0.28888260 14.56 14.02 13.43 13.00 12.54 0.44 0.57 0.44 0.36 0.24 RRc
V2    0.53568192 14.50 14.12 13.41 12.91 12.39 1.09 1.26 0.96 0.76 0.61 RRab*
V3    0.50667785 14.71 13.65 13.01 — 12.28 — 0.99 — — — RRab
V5    0.62240109 14.57 14.12 13.37 12.84 12.28 — 0.43 0.33 0.26 0.20 RRab
V6    0.32051511 14.41 14.08 13.45 13.00 12.50 0.63 0.56 0.43 0.35 0.25 RRc
V7    0.49878722 14.56 14.09 13.42 12.94 12.40 — 1.39 1.06 0.86 0.70 RRab
V8    0.50822362 13.96 13.98 13.32 12.85 12.33 — 1.41 1.11 0.92 0.69 RRab
V9    0.57189448 14.48 13.98 13.30 12.82 12.30 — 1.44 1.11 0.91 0.71 RRab
V10   0.49071753 14.66 13.95 13.33 12.88 12.38 — 1.60 1.25 1.02 0.79 RRab
V11   0.49320868 14.53 14.07 13.40 12.93 12.41 0.92 1.24 1.07 0.86 0.65 RRab*
V12   0.44610979 14.49 14.23 13.58 13.10 12.54 1.60 1.61 1.28 1.06 0.81 RRab
V14   0.46353112 14.63 14.26 13.59 13.10 12.58 1.63 1.60 1.23 1.02 0.79 RRab*
V15   0.44366078 14.99 14.45 13.69 13.08 12.63 — 1.18 0.92 0.78 0.53 RRab*
V16   0.54254826 14.47 14.05 13.34 12.85 12.31 — 1.15 0.89 0.72 0.57 RRab
V18   0.47879201 14.66 14.02 13.36 12.88 12.35 — 1.45 1.12 0.92 0.71 RRab
V19   0.46781107 14.26 14.01 13.38 12.92 12.38 1.46 1.58 1.24 1.02 0.78 RRab
V20   0.30941947 14.27 13.72 13.19 12.80 12.33 — 0.36 0.23 0.22 0.14 RRc
V21   0.47200741 14.40 13.88 13.19 12.70 12.16 — 1.43 1.13 0.85 0.68 RRab
V22   0.60306357 14.60 14.08 13.33 12.81 12.24 — 0.66 0.48 0.40 0.30 RRab*
V23   0.29861557 14.28 13.75 13.19 12.78 12.41 — 0.56 0.43 0.35 0.27 RRc
V24   0.54678330 14.60 14.02 13.33 12.84 12.31 — 1.08 0.86 0.71 0.53 RRab*
V25   0.61273480 14.07 13.94 13.23 12.74 12.20 — 1.09 0.83 0.69 0.38 RRab
V26   0.54121738 14.46 13.87 13.25 12.79 12.27 — 1.57 1.24 1.01 0.78 RRab
V27   0.61201831 14.22 13.90 13.21 12.73 12.18 1.25 1.19 0.91 0.73 0.56 RRab
V28   0.52234106 14.07 13.79 13.19 12.75 12.23 1.16 1.27 1.01 0.78 0.90 RRab*
V29   0.52248466 14.20 13.90 13.28 12.83 12.31 1.10 1.40 1.08 0.96 0.79 RRab*
V30   0.26974906 14.16 13.84 13.32 12.94 12.48 0.58 0.66 0.51 0.40 0.32 RRc
V31   0.50520423 14.12 13.77 13.20 12.77 12.32 1.42 1.13 0.86 0.67 0.55 RRab*
V32   0.57910475 14.12 13.83 13.18 12.70 12.04 0.97 1.05 0.76 0.64 0.51 RRab
V33   0.61483542 13.94 13.65 13.03 12.58 12.08 1.23 1.21 0.95 — 0.59 RRab
V34   0.5548     15.47 14.73 14.02 — 12.77 — — — — — RRab
V35   0.62702374 14.42 14.14 13.38 12.84 12.30 0.75 0.87 0.66 0.51 0.42 RRab*
V36   0.54130918 14.42 14.13 13.42 13.03 12.40 — 1.20 0.92 0.73 0.59 RRab
V37   0.24734352 14.45 13.90 13.37 12.99 12.51 — 0.28 0.22 0.18 0.14 RRc
V38   0.57784632 14.59 14.20 13.42 12.87 12.29 — 0.85 0.63 0.49 0.32 RRab*
V39   0.62395399 14.66 14.20 13.43 12.89 12.29 — 0.55 0.42 0.34 0.27 RRab*
V40   0.38533005 14.27 13.74 13.13 12.70 12.20 — 0.56 0.43 0.34 0.27 RRc
V41   0.25174181 14.61 14.03 13.49 13.09 12.64 — 0.45 0.36 0.28 0.25 RRc
V42   0.30685490 14.14 13.78 13.24 12.87 12.36 — 0.54 0.41 0.33 0.27 RRc
V43f  0.32066000 13.86 13.60 13.08 — — 0.52 0.58 0.43 — — RRc
V49   0.22754331 14.39 13.81 13.32 12.97 12.55 — 0.13 0.08 0.07 0.05 RRc
V52   0.85549784 14.28 13.90 13.11 12.56 11.97 0.41 0.39 0.31 0.25 0.19 RRab
V61   0.26528645 14.35 13.78 13.26 12.90 12.46 — 0.21 0.17 0.14 0.09 RRc
V64   0.60448407 21.42 20.74 20.01 19.50 18.93 — 1.08 0.84 0.68 0.54 RRab*
V76e  0.3058     15.44 14.32 13.68 — 12.62 — — — — — RR
C1    0.28625730 14.37 13.89 13.32 12.92 12.45 0.60 0.59 0.46 0.38 0.25 RRc
C2    0.45480258 17.46 16.71 16.04 15.83 15.07 — 1.63 1.23 — 0.77 RRab
