V1  1054 13 27 29.1  +33 38 03.0  RRab 0.59   4204.834 22.12  22.53 1.20  1.28
V2  1067 13 27 50.3  +33 38 02.2  RRab 0.57   4229.708 22.18  22.57 1.09  1.06
V3  1179 13 28 38.7  +33 37 28.8  RRab 0.61   4230.280 22.21  22.61 0.91  1.28
V4  1350 13 28 14.23 +33 36 28.96 RRab 0.60   4229.878 22.30  22.74 0.49  0.79
V5  1430 13 28 28.74 +33 36 05.39 RRab 0.60   4230.049 22.16  22.50 0.90  1.08
V6  1438 13 27 37.41 +33 35 55.76 RRab 0.61   4229.841 22.23  22.63 0.78  1.04
V7  1619 13 28 09.21 +33 35 08.69 RRab 0.67   4205.345 21.90  22.34 0.97  1.38
V8  1884 13 27 57.72 +33 33 43.62 RRab 0.63   4230.117 22.24  22.67 0.39  0.32
V9  1979 13 27 45.86 +33 33 09.75 RRab 0.62   4229.688 22.22  22.63 0.76  1.00
V10 1988 13 27 52.11 +33 33 08.86 RRab 0.62   4229.794 22.23  22.62 0.77  1.04
V11 2131 13 28 33.65 +33 32 38.04 RRab 0.63   4229.263 22.08  22.40 0.99  1.20
V12 2341 13 27 45.48 +33 31 25.73 RRab 0.61   4229.794 22.24  22.61 0.66  0.84
V13 2477 13 28 12.70 +33 30 40.04 RRab 0.61   4229.987 22.16  22.45 1.04  1.25
V14 2500 13 27 35.53 +33 30 27.33 RRab 0.60   4229.938 22.26  22.64 0.81  1.13
V15 2510 13 27 54.33 +33 30 25.86 RRab 0.57   4229.622 22.20  22.55 0.77  1.06
V16 2700 13 27 55.97 +33 28 59.90 RRab 0.58   4229.852 22.07  22.48 0.66  0.80
V17 2837 13 28 29.99 +33 27 55.76 RRab 0.58   4229.792 22.20  22.78 1.136 0.96
V18 2842 13 28 06.32 +33 27 51.03 RRab 0.58   4229.911 22.13  22.44 1.05  1.22
V19 1637 13 28 34.77 +33 35 07.26 RRc  0.39   4230.090 22.21  22.56 0.45  0.54
V20 1854 13 27 30.82 +33 33 47.76 RRc  0.39   4229.954 22.10  22.46 0.57  0.68
V21 1898 13 28 37.65 +33 33 44.78 RRc  0.40   4229.930 22.09  22.54 0.46  1.13
V22 1928 13 28 39.57 +33 33 33.66 RRc  0.38   4230.085 22.12  22.47 0.52  0.71
V23 2199 13 28 13.94 +33 32 13.63 RRc  0.33   4229.885 22.19  22.45 0.72  0.92
