V001   ab 00 26 02.73 -11 03 40.6 - 0.664 -0.178  25.308 0.624  24.465 0.354  0.844  25.438 0.683  25.023 0.562  24.450 0.378
V002    d 00 26 02.77 -11 03 53.2 u 0.386 -0.413  25.281 0.828  24.571 0.509  0.710  25.379 0.911  25.045 0.671  24.555 0.507
V003   ab 00 26 02.84 -11 04 36.3 - 0.591 -0.228  25.317 1.150  24.533 0.600  0.783  25.431 1.264  25.059 0.841  24.516 0.610
V004   ab 00 26 03.00 -11 03 40.4 - 0.638 -0.195  25.343 0.569  24.493 0.274  0.849  25.473 0.641  25.055 0.475  24.478 0.281
V005   ab 00 26 03.07 -11 06 08.2 - 0.601 -0.221  25.343 1.069  24.568 0.468  0.775  25.459 1.186  25.083 0.857  24.556 0.466
V006   ab 00 26 03.09 -11 04 22.8 - 0.797 -0.099  25.287 0.213  24.392 0.088  0.895  25.426 0.250  24.973 0.155  24.377 0.092
V007   ab 00 26 03.10 -11 04 38.6 - 0.652 -0.186  25.334 0.370  24.486 0.199  0.848  25.465 0.406  25.037 0.293  24.470 0.200
V008   ab 00 26 03.62 -11 03 23.8 - 0.625 -0.204  25.211 1.024  24.444 0.528  0.766  25.328 1.117  24.949 0.886  24.431 0.527
V009   AC 00 26 03.64 -11 04 42.2 - 0.850 -0.071  24.420 0.965  23.618 0.490  0.802  24.540 1.052  24.147 0.796  23.602 0.495
V010   ab 00 26 03.65 -11 03 33.9 - 0.625 -0.204  25.232 0.831  24.470 0.394  0.762  25.348 0.912  24.965 0.686  24.453 0.399
V011   ab 00 26 03.72 -11 05 38.5 - 0.462 -0.335  25.427 1.577  24.808 0.811  0.619  25.515 1.701  25.234 1.305  24.800 0.783
V012    c 00 26 03.89 -11 04 52.5 - 0.357 -0.447  25.241 0.634  24.618 0.324  0.623  25.330 0.690  25.030 0.517  24.599 0.328
V013   ab 00 26 03.99 -11 06 01.6 - 0.613 -0.213  25.392 0.812  24.585 0.479  0.807  25.514 0.889  25.120 0.726  24.570 0.494
V014   ab 00 26 04.00 -11 05 08.4 - 0.618 -0.209  25.357 0.753  24.538 0.303  0.819  25.483 0.841  25.074 0.615  24.521 0.320
V015   ab 00 26 04.00 -11 03 04.9 - 0.581 -0.236  25.472 0.438  24.678 0.244  0.794  25.583 0.511  25.200 0.384  24.660 0.248
V016   EB 00 26 04.05 -11 03 50.2 u ---    ---    24.672 ---    23.165 ---    1.507  24.965 ---    24.179 ---    23.204 ---
V017  LPV 00 26 04.11 -11 05 56.7 u ---    ---    22.753 ---    20.499 ---    2.254  23.298 ---    22.093 ---    20.687 ---
V018   EB 00 26 04.22 -11 03 43.5 u ---    ---    26.435 ---    25.744 ---    0.691  26.535 ---    26.200 ---    25.728 ---
V019    d 00 26 04.29 -11 05 06.6 u 0.410 -0.387  25.173 0.657  24.478 0.381  0.695  25.269 0.716  24.931 0.541  24.461 0.380
V020   ab 00 26 04.30 -11 03 28.7 - 0.518 -0.286  25.296 1.092  24.643 0.716  0.654  25.386 1.174  25.075 0.988  24.629 0.703
V021   ab 00 26 04.36 -11 04 08.9 - 0.579 -0.237  25.236 0.822  24.494 0.433  0.742  25.345 0.898  24.982 0.679  24.473 0.465
V022   ab 00 26 04.37 -11 06 21.8 - 0.616 -0.210  25.310 1.128  24.551 0.558  0.759  25.431 1.237  25.042 0.930  24.534 0.551
V023   ab 00 26 04.40 -11 03 17.2 - 0.648 -0.188  25.364 0.435  24.540 0.249  0.824  25.490 0.476  25.077 0.384  24.519 0.254
V024   ab 00 26 04.41 -11 03 48.1 - 0.627 -0.203  25.288 0.649  24.473 0.396  0.816  25.420 0.749  24.992 0.575  24.457 0.400
V025   ab 00 26 04.41 -11 03 36.2 - 0.572 -0.243  25.252 1.272  24.520 0.658  0.732  25.366 1.373  24.995 1.061  24.505 0.651
V026   ab 00 26 04.46 -11 03 24.2 - 0.697 -0.157  25.277 0.576  24.440 0.301  0.836  25.404 0.628  24.990 0.480  24.424 0.308
V027   ab 00 26 04.64 -11 05 49.1 - 0.570 -0.244  25.223 1.254  24.535 0.603  0.688  25.328 1.355  24.983 1.045  24.522 0.592
V028    c 00 26 04.66 -11 05 14.1 - 0.358 -0.446  25.203 0.655  24.598 0.330  0.604  25.286 0.712  24.997 0.548  24.579 0.351
V029   ab 00 26 04.72 -11 04 00.1 - 0.645 -0.190  25.358 0.427  24.497 0.213  0.861  25.495 0.465  25.060 0.359  24.483 0.224
V030    d 00 26 04.79 -11 03 31.3 u 0.410 -0.387  25.166 0.770  24.485 0.450  0.681  25.263 0.839  24.935 0.656  24.467 0.448
V031   ab 00 26 04.92 -11 06 06.3 - 0.626 -0.203  25.416 0.681  24.587 0.392  0.829  25.551 0.709  25.126 0.557  24.571 0.398
V032   ab 00 26 04.92 -11 05 48.5 - 0.603 -0.220  25.300 0.271  24.510 0.176  0.790  25.419 0.268  25.033 0.210  24.499 0.156
V033   ab 00 26 04.99 -11 03 49.5 - 0.602 -0.220  25.236 0.957  24.476 0.528  0.761  25.341 1.038  24.972 0.824  24.463 0.525
V034   ab 00 26 05.05 -11 04 30.4 - 0.642 -0.192  25.305 0.507  24.465 0.317  0.840  25.427 0.562  25.014 0.428  24.450 0.316
V035   ab 00 26 05.53 -11 03 01.4 - 0.600 -0.222  25.298 1.065  24.530 0.514  0.768  25.411 1.178  25.038 0.851  24.517 0.514
V036   ab 00 26 05.57 -11 04 29.8 - 0.593 -0.227  25.347 1.046  24.569 0.580  0.778  25.509 0.919  25.048 0.964  24.550 0.582
V037   ab 00 26 05.64 -11 03 12.5 - 0.618 -0.209  25.219 1.005  24.446 0.524  0.772  25.330 1.098  24.958 0.834  24.432 0.530
V038   ab 00 26 05.67 -11 03 09.8 - 0.638 -0.195  25.310 0.742  24.462 0.493  0.848  25.441 0.804  25.017 0.645  24.442 0.488
V039   ab 00 26 05.82 -11 04 09.9 - 0.686 -0.164  25.341 0.235  24.488 0.139  0.853  25.484 0.285  25.061 0.229  24.485 0.148
V040   ab 00 26 05.84 -11 03 14.1 - 0.610 -0.215  25.209 1.162  24.470 0.602  0.739  25.318 1.263  24.972 0.816  24.455 0.603
V041   ab 00 26 05.86 -11 03 36.5 - 0.620 -0.208  25.383 0.708  24.563 0.321  0.820  25.506 0.832  25.089 0.612  24.547 0.328
V042   ab 00 26 05.94 -11 04 03.8 - 0.589 -0.230  25.316 0.850  24.527 0.427  0.790  25.431 0.946  25.047 0.685  24.512 0.430
V043    c 00 26 06.09 -11 04 38.9 - 0.339 -0.470  25.249 0.659  24.690 0.341  0.559  25.330 0.709  25.056 0.558  24.677 0.328
V044    d 00 26 06.09 -11 04 13.6 u 0.373 -0.428  25.294 0.734  24.633 0.402  0.661  25.391 0.831  25.061 0.565  24.617 0.403
V045   ab 00 26 06.11 -11 03 52.9 - 0.613 -0.213  25.289 0.906  24.480 0.366  0.809  25.418 0.962  25.004 0.762  24.467 0.384
V046   ab 00 26 06.16 -11 03 14.9 - 0.629 -0.201  25.274 0.751  24.489 0.411  0.785  25.392 0.822  25.007 0.629  24.473 0.413
V047   ab 00 26 06.17 -11 03 55.8 - 0.605 -0.218  25.273 1.191  24.510 0.585  0.763  25.382 1.312  25.016 0.974  24.492 0.585
V048   ab 00 26 06.18 -11 03 56.0 - 0.623 -0.206  25.203 1.091  24.431 0.579  0.772  25.317 1.183  24.938 0.919  24.415 0.586
V049   ab 00 26 06.22 -11 04 16.9 - 0.638 -0.195  25.428 0.572  24.558 0.308  0.870  25.568 0.600  25.132 0.482  24.543 0.319
V050   ab 00 26 06.26 -11 03 14.9 - 0.586 -0.232  25.270 1.049  24.529 0.589  0.741  25.381 1.136  25.018 0.875  24.513 0.585
V051   ab 00 26 06.41 -11 04 26.3 - 0.588 -0.231  25.238 0.984  24.483 0.663  0.754  25.346 1.070  24.984 0.889  24.466 0.664
V052   ab 00 26 06.45 -11 03 44.5 - 0.621 -0.207  25.340 0.933  24.518 0.494  0.822  25.464 1.015  25.064 0.776  24.503 0.504
V053   ab 00 26 06.47 -11 04 16.4 - 0.599 -0.223  25.321 0.513  24.525 0.275  0.796  25.443 0.564  25.039 0.399  24.504 0.276
V054   ab 00 26 06.52 -11 03 41.7 - 0.729 -0.137  25.269 0.458  24.402 0.247  0.866  25.402 0.522  24.966 0.396  24.387 0.257
V055   ab 00 26 06.55 -11 04 14.9 - 0.589 -0.230  25.136 0.493  24.244 0.314  0.893  25.276 0.513  24.829 0.423  24.229 0.320
V056   ab 00 26 06.60 -11 03 35.6 - 0.551 -0.259  25.249 1.310  24.564 0.703  0.686  25.348 1.417  25.022 0.989  24.549 0.699
V057   ab 00 26 06.88 -11 03 19.7 - 0.591 -0.228  25.217 1.074  24.508 0.548  0.709  25.325 1.159  24.974 0.896  24.494 0.542
V058   ab 00 26 07.07 -11 03 17.8 - 0.527 -0.278  25.267 1.389  24.664 0.765  0.603  25.352 1.269  25.062 1.081  24.652 0.740
V059   ab 00 26 07.09 -11 03 34.9 - 0.705 -0.152  25.279 0.886  24.476 0.438  0.804  25.395 0.997  24.996 0.743  24.461 0.442
V060   EB 00 26 07.10 -11 03 10.8 u ---    ---    24.693 ---    23.208 ---    1.485  24.981 ---    24.204 ---    23.245 ---
V061   ab 00 26 07.17 -11 04 24.4 - 0.584 -0.234  25.332 1.032  24.555 0.546  0.777  25.454 1.192  25.068 0.841  24.540 0.544
V062   ab 00 26 07.21 -11 04 38.5 - 0.592 -0.228  25.239 1.280  24.490 0.648  0.748  25.343 1.404  24.988 1.032  24.480 0.638
V063   ab 00 26 07.29 -11 04 34.1 - 0.640 -0.194  25.340 0.690  24.498 0.301  0.842  25.474 0.760  25.054 0.495  24.481 0.295
V064    d 00 26 07.30 -11 03 31.9 u 0.391 -0.408  25.285 0.949  24.620 0.460  0.665  25.384 1.041  25.050 0.775  24.605 0.544
V065   ab 00 26 07.30 -11 03 56.5 - 0.656 -0.183  25.359 0.528  24.499 0.250  0.860  25.494 0.586  25.064 0.427  24.485 0.256
V066   ab 00 26 07.41 -11 02 59.9 - 0.589 -0.230  25.339 1.097  24.587 0.441  0.752  25.447 1.198  25.091 0.894  24.571 0.443
V067   ab 00 26 07.44 -11 03 16.6 - 0.619 -0.208  25.255 0.633  24.475 0.336  0.780  25.367 0.670  24.984 0.493  24.458 0.341
V068   ab 00 26 07.55 -11 04 31.1 - 0.632 -0.199  25.358 0.687  24.542 0.355  0.816  25.486 0.768  25.081 0.626  24.527 0.363
V069   ab 00 26 07.57 -11 05 32.4 - 0.618 -0.209  25.349 1.063  24.588 0.549  0.761  25.463 1.161  25.093 0.815  24.571 0.557
V070   ab 00 26 07.58 -11 03 20.2 - 0.573 -0.242  25.255 0.967  24.549 0.525  0.706  25.361 1.040  25.013 0.804  24.534 0.526
V071   ab 00 26 07.81 -11 05 40.0 - 0.588 -0.231  25.357 0.349  24.562 0.115  0.796  25.476 0.429  25.065 0.302  24.556 0.121
V072   ab 00 26 07.83 -11 04 29.4 - 0.577 -0.239  25.333 0.917  24.572 0.427  0.761  25.450 1.015  25.072 0.725  24.557 0.431
V073   ab 00 26 07.83 -11 02 57.1 - 0.610 -0.215  25.286 0.947  24.513 0.467  0.773  25.391 1.040  25.019 0.781  24.498 0.473
V074   ab 00 26 07.86 -11 04 26.9 - 0.594 -0.226  25.348 1.040  24.566 0.540  0.782  25.462 1.137  25.081 0.801  24.551 0.539
V075   ab 00 26 07.88 -11 03 01.3 - 0.641 -0.193  25.426 0.664  24.616 0.325  0.810  25.549 0.729  25.148 0.555  24.599 0.327
V076    c 00 26 08.01 -11 03 54.0 - 0.349 -0.457  25.307 0.621  24.676 0.329  0.631  25.403 0.663  25.083 0.545  24.659 0.328
V077   ab 00 26 08.02 -11 03 12.0 - 0.592 -0.228  25.232 0.746  24.491 0.385  0.742  25.343 0.817  24.980 0.626  24.479 0.377
V078   ab 00 26 08.05 -11 03 54.4 - 0.596 -0.225  25.262 1.135  24.511 0.599  0.751  25.376 1.048  25.005 0.934  24.496 0.600
V079   ab 00 26 08.07 -11 03 06.1 - 0.595 -0.225  25.246 1.097  24.514 0.574  0.732  25.356 1.185  24.995 0.941  24.497 0.574
V080    c 00 26 08.18 -11 03 06.2 - 0.440 -0.357  25.140 0.486  24.472 0.257  0.668  25.236 0.527  24.910 0.403  24.453 0.255
V081   ab 00 26 08.24 -11 05 16.6 - 0.620 -0.208  25.197 1.130  24.456 0.605  0.740  25.304 1.234  24.955 0.981  24.441 0.606
V082   ab 00 26 08.31 -11 04 59.4 - 0.606 -0.218  25.223 0.993  24.484 0.539  0.740  25.331 1.098  24.970 0.813  24.469 0.537
V083   ab 00 26 08.38 -11 03 55.7 - 0.637 -0.196  25.326 0.734  24.488 0.451  0.838  25.451 0.745  25.038 0.623  24.471 0.459
V084   ab 00 26 08.49 -11 04 20.3 - 0.595 -0.225  25.319 1.202  24.557 0.522  0.762  25.430 1.323  25.057 0.921  24.544 0.519
V085   ab 00 26 08.67 -11 03 54.4 - 0.649 -0.188  25.323 0.563  24.488 0.323  0.835  25.448 0.617  25.043 0.469  24.472 0.327
V086   ab 00 26 08.96 -11 03 13.0 - 0.626 -0.203  25.348 0.650  24.547 0.384  0.801  25.471 0.693  25.070 0.570  24.530 0.390
V087   ab 00 26 09.04 -11 03 58.8 - 0.625 -0.204  25.404 0.482  24.589 0.219  0.815  25.527 0.517  25.126 0.334  24.569 0.219
V088   ab 00 26 09.07 -11 03 03.7 - 0.599 -0.223  25.305 0.876  24.550 0.422  0.755  25.416 0.960  25.052 0.707  24.535 0.425
V089   ab 00 26 09.22 -11 04 13.8 - 0.631 -0.200  25.322 0.810  24.503 0.455  0.819  25.432 1.084  25.037 0.585  24.487 0.460
V090   ab 00 26 09.24 -11 03 46.6 - 0.594 -0.226  25.289 1.150  24.538 0.549  0.751  25.401 1.234  25.033 0.978  24.522 0.550
V091   ab 00 26 09.59 -11 03 12.5 - 0.636 -0.197  25.352 0.771  24.546 0.371  0.805  25.476 0.868  25.072 0.651  24.530 0.382
V092   ab 00 26 09.61 -11 04 16.5 - 0.609 -0.215  25.502 0.719  24.605 0.372  0.898  25.659 0.794  25.175 0.583  24.595 0.381
V093   ab 00 26 09.72 -11 05 04.0 - 0.595 -0.225  25.188 1.171  24.504 0.530  0.684  25.293 1.237  24.957 0.984  24.487 0.497
V094   ab 00 26 09.88 -11 03 11.2 - 0.640 -0.194  25.370 0.529  24.566 0.278  0.803  25.489 0.583  25.095 0.446  24.547 0.261
V095   AC 00 26 09.96 -11 03 10.0 - 0.642 -0.192  23.570 0.546  23.134 0.299  0.436  23.626 0.585  23.424 0.459  23.121 0.289
V096   ab 00 26 09.96 -11 04 17.9 - 0.631 -0.200  25.452 0.844  24.626 0.359  0.827  25.581 0.927  25.168 0.696  24.612 0.389
V097    c 00 26 09.97 -11 03 53.6 - 0.415 -0.382  25.178 0.560  24.498 0.269  0.680  25.276 0.612  24.943 0.468  24.480 0.273
V098   ab 00 26 10.03 -11 03 05.0 - 0.628 -0.202  25.198 1.125  24.431 0.573  0.766  25.314 1.255  24.935 0.902  24.418 0.568
V099   ab 00 26 10.10 -11 04 51.0 - 0.598 -0.223  25.184 0.693  24.490 0.358  0.695  25.282 0.751  24.950 0.573  24.472 0.356
V100   ab 00 26 10.16 -11 03 10.2 - 0.604 -0.219  25.262 0.904  24.497 0.531  0.765  25.379 0.980  24.998 0.837  24.479 0.549
V101   ab 00 26 10.18 -11 03 13.9 - 0.597 -0.224  25.283 0.921  24.526 0.485  0.756  25.395 0.985  25.017 0.813  24.510 0.490
V102   ab 00 26 10.24 -11 04 11.7 - 0.568 -0.246  25.342 1.160  24.599 0.630  0.743  25.446 1.273  25.089 0.954  24.586 0.627
V103   ab 00 26 10.38 -11 04 04.2 - 0.625 -0.204  25.348 0.838  24.512 0.329  0.836  25.478 0.921  25.058 0.688  24.495 0.347
V104    d 00 26 10.52 -11 03 14.9 u 0.370 -0.432  25.271 0.614  24.652 0.358  0.619  25.360 0.658  25.054 0.571  24.636 0.506
V105   ab 00 26 10.56 -11 03 14.1 - 0.609 -0.215  25.332 0.533  24.535 0.263  0.797  25.462 0.587  25.051 0.417  24.518 0.267
V106   ab 00 26 10.59 -11 02 52.1 - 0.709 -0.149  25.218 0.712  24.402 0.430  0.816  25.347 0.732  24.932 0.677  24.387 0.431
V107   ab 00 26 10.62 -11 03 00.7 - 0.590 -0.229  25.320 1.039  24.544 0.522  0.776  25.443 1.116  25.049 0.878  24.530 0.521
V108   ab 00 26 10.67 -11 02 56.4 - 0.646 -0.190  25.196 0.610  24.356 0.320  0.840  25.324 0.680  24.907 0.493  24.340 0.328
V109   ab 00 26 10.67 -11 03 14.3 - 0.655 -0.184  25.240 0.692  24.440 0.380  0.800  25.357 0.759  24.968 0.619  24.424 0.386
V110   ab 00 26 10.85 -11 03 52.7 - 0.567 -0.246  25.245 1.389  24.566 0.666  0.679  25.340 1.541  25.020 1.115  24.557 0.644
V111    c 00 26 10.87 -11 04 55.6 - 0.291 -0.536  25.202 0.522  24.758 0.245  0.444  25.262 0.561  25.050 0.425  24.745 0.236
V112   ab 00 26 10.90 -11 03 39.4 - 0.615 -0.211  25.282 0.647  24.518 0.302  0.764  25.424 0.658  24.975 0.692  24.506 0.313
V113   ab 00 26 11.08 -11 03 26.6 - 0.694 -0.159  25.287 0.422  24.447 0.308  0.840  25.417 0.445  24.998 0.379  24.444 0.243
V114    d 00 26 11.08 -11 03 34.3 u 0.431 -0.366  25.115 0.722  24.440 0.399  0.675  25.221 0.793  24.870 0.582  24.423 0.401
V115    d 00 26 11.19 -11 03 51.2 u 0.409 -0.388  25.190 0.664  24.484 0.362  0.706  25.301 0.746  24.935 0.600  24.469 0.399
V116    d 00 26 11.24 -11 03 37.6 u 0.473 -0.325  24.992 0.622  24.247 0.415  0.745  25.097 0.669  24.742 0.537  24.231 0.414
V117   ab 00 26 11.25 -11 05 00.7 - 0.576 -0.240  25.245 1.129  24.524 0.583  0.721  25.355 1.239  24.998 0.896  24.510 0.578
V118   ab 00 26 11.28 -11 03 08.2 - 0.713 -0.147  25.256 0.387  24.406 0.253  0.849  25.387 0.415  24.966 0.347  24.391 0.232
V119   ab 00 26 11.42 -11 04 34.5 - 0.618 -0.209  25.274 0.955  24.479 0.510  0.795  25.390 1.053  25.006 0.787  24.465 0.517
V120   ab 00 26 11.57 -11 05 43.6 - 0.608 -0.216  25.283 0.925  24.487 0.523  0.796  25.401 1.015  25.015 0.778  24.472 0.533
V121   ab 00 26 11.64 -11 03 38.9 - 0.702 -0.154  25.304 0.542  24.457 0.328  0.847  25.434 0.589  25.011 0.468  24.440 0.336
V122   ab 00 26 11.66 -11 05 41.1 - 0.617 -0.210  25.343 0.848  24.523 0.494  0.820  25.466 0.931  25.060 0.717  24.507 0.508
V123   ab 00 26 11.66 -11 03 04.9 - 0.574 -0.241  25.313 0.540  24.580 0.288  0.733  25.425 0.602  25.055 0.427  24.562 0.293
V124    d 00 26 11.68 -11 03 30.2 u 0.377 -0.424  25.268 0.736  24.653 0.464  0.615  25.352 0.869  25.061 0.686  24.636 0.519
V125   ab 00 26 11.78 -11 04 42.6 - 0.661 -0.180  25.264 0.814  24.440 0.385  0.824  25.399 0.888  24.975 0.575  24.424 0.389
V126   ab 00 26 11.80 -11 05 27.3 - 0.603 -0.220  25.354 1.069  24.579 0.464  0.776  25.474 1.149  25.091 0.885  24.563 0.463
V127   ab 00 26 11.81 -11 04 20.5 - 0.596 -0.225  25.314 0.640  24.530 0.357  0.784  25.433 0.702  25.044 0.529  24.513 0.363
V128   ab 00 26 11.81 -11 04 53.4 - 0.649 -0.188  25.370 0.476  24.512 0.300  0.858  25.506 0.505  25.066 0.422  24.496 0.308
V129   ab 00 26 11.85 -11 05 08.8 - 0.602 -0.220  25.230 1.004  24.466 0.523  0.763  25.341 1.090  24.969 0.852  24.449 0.529
V130   ab 00 26 11.86 -11 02 55.8 - 0.538 -0.269  25.316 0.750  24.628 0.411  0.688  25.418 0.793  25.074 0.665  24.610 0.407
V131   ab 00 26 12.12 -11 05 24.9 - 0.621 -0.207  25.306 0.675  24.519 0.396  0.787  25.425 0.726  25.037 0.596  24.504 0.400
V132   ab 00 26 12.17 -11 03 16.7 - 0.566 -0.247  25.312 1.211  24.578 0.517  0.733  25.419 1.321  25.060 0.996  24.563 0.515
V133   ab 00 26 12.20 -11 02 48.5 - 0.593 -0.227  25.308 1.075  24.598 0.532  0.710  25.415 1.164  25.071 0.869  24.582 0.526
V134   ab 00 26 12.28 -11 03 31.6 - 0.644 -0.191  25.320 0.747  24.492 0.454  0.828  25.449 0.812  25.035 0.624  24.475 0.459
V135   ab 00 26 12.38 -11 02 47.9 - 0.630 -0.201  25.193 0.925  24.447 0.584  0.746  25.273 1.174  24.945 0.684  24.459 0.452
V136    d 00 26 12.39 -11 03 59.5 u 0.393 -0.406  25.221 0.709  24.551 0.345  0.670  25.374 0.815  24.937 0.855  24.538 0.346
V137   ab 00 26 12.48 -11 03 10.3 - 0.578 -0.238  25.333 1.112  24.576 0.598  0.757  25.447 1.205  25.072 0.830  24.556 0.603
V138    c 00 26 12.61 -11 03 12.5 - 0.354 -0.451  25.177 0.623  24.578 0.257  0.598  25.260 0.682  24.976 0.496  24.562 0.249
V139   ab 00 26 12.68 -11 02 57.4 - 0.640 -0.194  25.242 0.776  24.425 0.379  0.817  25.364 0.863  24.964 0.631  24.411 0.388
V140    d 00 26 12.71 -11 03 31.7 u 0.400 -0.398  25.172 0.698  24.513 0.355  0.659  25.270 0.771  24.944 0.549  24.496 0.354
V141   ab 00 26 12.83 -11 05 52.0 - 0.557 -0.254  25.212 1.437  24.530 0.672  0.682  25.308 1.584  24.982 1.154  24.517 0.666
V142   ab 00 26 12.89 -11 03 24.1 - 0.566 -0.247  25.226 0.840  24.529 0.452  0.698  25.330 0.917  24.985 0.684  24.511 0.451
V143   ab 00 26 12.89 -11 02 53.8 - 0.653 -0.185  25.363 0.619  24.506 0.376  0.857  25.481 0.825  25.002 0.757  24.492 0.381
V144   ab 00 26 12.91 -11 02 54.1 - 0.586 -0.232  25.339 1.248  24.583 0.592  0.756  25.446 1.371  25.087 1.022  24.572 0.588
V145   ab 00 26 13.12 -11 02 48.8 - 0.620 -0.208  25.286 1.037  24.502 0.470  0.784  25.407 1.138  25.015 0.841  24.485 0.466
V146   EB 00 26 13.18 -11 04 34.5 u ---    ---    27.372 ---    26.528 ---    0.844  27.488 ---    27.064 ---    26.512 ---
V147    d 00 26 13.23 -11 03 55.7 u 0.408 -0.389  25.165 0.702  24.509 0.373  0.656  25.266 0.733  24.928 0.707  24.489 0.371
V148   ab 00 26 13.38 -11 03 49.5 - 0.604 -0.219  25.179 1.299  24.462 0.683  0.717  25.280 1.397  24.927 1.097  24.446 0.680
V149   ab 00 26 13.40 -11 04 31.6 - 0.564 -0.249  25.189 1.279  24.479 0.597  0.709  25.289 1.431  24.948 1.026  24.461 0.590
V150   ab 00 26 13.42 -11 03 32.3 - 0.632 -0.199  25.263 0.828  24.457 0.420  0.805  25.383 0.915  24.993 0.669  24.443 0.422
V151   ab 00 26 13.54 -11 03 15.7 - 0.629 -0.201  25.279 0.773  24.460 0.384  0.819  25.405 0.855  24.998 0.573  24.444 0.388
V152   ab 00 26 13.62 -11 04 30.8 - 0.614 -0.212  25.265 0.754  24.468 0.468  0.797  25.390 0.849  24.991 0.718  24.453 0.469
V153   ab 00 26 13.82 -11 04 01.1 - 0.652 -0.186  25.284 0.534  24.447 0.292  0.837  25.416 0.590  24.992 0.437  24.431 0.298
V154   ab 00 26 14.04 -11 02 48.0 - 0.646 -0.190  25.339 0.530  24.492 0.274  0.847  25.473 0.553  25.042 0.483  24.476 0.279
V155   ab 00 26 14.04 -11 04 08.1 - 0.579 -0.237  25.256 0.884  24.488 0.509  0.768  25.367 0.992  24.988 0.717  24.473 0.509
V156   AC 00 26 14.08 -11 03 36.6 - 0.535 -0.272  24.538 0.641  23.905 0.328  0.633  24.628 0.697  24.322 0.528  23.887 0.327
V157   ab 00 26 14.16 -11 03 12.8 - 0.594 -0.226  25.234 0.893  24.473 0.541  0.761  25.336 0.980  24.964 0.801  24.459 0.552
V158   ab 00 26 14.19 -11 03 07.4 - 0.640 -0.194  25.325 0.684  24.479 0.334  0.847  25.454 0.755  25.039 0.563  24.463 0.339
V159   ab 00 26 14.19 -11 03 09.8 - 0.596 -0.225  25.325 1.049  24.562 0.555  0.763  25.441 1.145  25.072 0.776  24.549 0.543
V160   ab 00 26 14.49 -11 03 29.7 - 0.593 -0.227  25.402 0.669  24.575 0.315  0.827  25.521 0.740  25.110 0.543  24.560 0.320
V161   ab 00 26 14.49 -11 05 38.2 - 0.626 -0.203  25.345 0.725  24.512 0.411  0.833  25.470 0.796  25.064 0.634  24.496 0.422
V162    d 00 26 14.61 -11 03 52.4 u 0.399 -0.399  25.165 0.706  24.500 0.355  0.665  25.263 0.801  24.929 0.533  24.483 0.354
V163   ab 00 26 14.73 -11 03 45.3 - 0.639 -0.194  25.297 0.388  24.480 0.259  0.817  25.431 0.447  25.006 0.293  24.457 0.237
V164   ab 00 26 14.76 -11 03 31.3 - 0.607 -0.217  25.353 0.670  24.560 0.477  0.794  25.476 0.718  25.076 0.622  24.547 0.479
V165   ab 00 26 14.99 -11 02 45.6 - 0.607 -0.217  25.365 0.400  24.540 0.182  0.825  25.490 0.435  25.079 0.338  24.524 0.185
V166   ab 00 26 15.21 -11 03 17.0 - 0.623 -0.206  25.318 0.788  24.504 0.385  0.814  25.440 0.871  25.038 0.665  24.489 0.392
V167   ab 00 26 15.32 -11 06 04.2 - 0.631 -0.200  25.231 1.213  24.460 0.656  0.771  25.348 1.305  24.966 1.046  24.442 0.661
V168   ab 00 26 15.33 -11 03 23.4 - 0.585 -0.233  25.319 1.231  24.576 0.680  0.744  25.432 1.336  25.068 1.020  24.563 0.673
V169   ab 00 26 15.42 -11 03 27.5 - 0.593 -0.227  25.402 0.939  24.575 0.518  0.827  25.421 1.204  25.060 0.783  24.533 0.504
V170   ab 00 26 15.43 -11 03 15.5 - 0.592 -0.228  25.373 0.990  24.563 0.509  0.810  25.500 1.085  25.092 0.827  24.545 0.511
V171    d 00 26 15.47 -11 02 44.5 u 0.410 -0.387  25.293 0.849  24.593 0.531  0.700  25.398 0.906  25.052 0.736  24.575 0.530
V172   ab 00 26 15.47 -11 03 45.0 - 0.573 -0.242  25.234 1.272  24.495 0.623  0.739  25.345 1.385  24.987 1.029  24.481 0.617
V173   ab 00 26 15.81 -11 02 57.6 - 0.477 -0.321  25.364 1.685  24.761 0.812  0.603  25.447 1.819  25.172 1.358  24.751 0.783
V174   ab 00 26 15.82 -11 02 59.3 - 0.568 -0.246  25.222 1.137  24.503 0.721  0.719  25.333 1.239  24.975 0.934  24.490 0.712
V175    d 00 26 15.85 -11 04 00.5 u 0.409 -0.388  25.226 0.735  24.534 0.454  0.692  25.329 0.810  24.984 0.618  24.516 0.452
V176   ab 00 26 15.92 -11 02 47.2 - 0.687 -0.163  25.379 0.338  24.484 0.203  0.895  25.524 0.407  25.067 0.242  24.469 0.187
V177   ab 00 26 16.15 -11 03 10.3 - 0.665 -0.177  25.300 0.619  24.435 0.349  0.865  25.431 0.679  25.008 0.546  24.420 0.354
V178   ab 00 26 16.16 -11 04 14.0 - 0.613 -0.213  25.301 0.980  24.519 0.540  0.781  25.415 1.080  25.034 0.811  24.503 0.549
V179    d 00 26 16.24 -11 03 27.9 u 0.418 -0.379  25.248 0.681  24.529 0.417  0.719  25.356 0.752  24.994 0.573  24.512 0.418
V180   ab 00 26 16.43 -11 04 05.1 - 0.660 -0.180  25.222 0.940  24.393 0.489  0.829  25.334 1.177  24.940 0.792  24.378 0.499
