V1  00 30 10.688 +46 51 21.71 RRab   0.6078  852.561 25.90 25.42  1.10  0.86
V2  00 30 09.937 +46 51 34.93 RRab   0.5459  851.356 25.77 25.38  1.42  0.87
V3  00 30 09.306 +46 51 43.73 RRab   0.6147  852.048 25.80 25.43  1.42  0.86
V5  00 30 05.194 +46 50 48.71 RRc    0.3858  851.920 25.82 25.41  0.72  0.36
V6  00 30 11.050 +46 51 58.73 RRab   0.609   854.732 25.58 25.23  0.98  0.76
V7  00 30 05.122 +46 50 27.28 RRab   0.6116  857.708 25.80 25.39  1.00  0.72
V8  00 30 05.122 +46 50 27.28 RRc    0.3457  851.164 25.53 25.17  0.73  0.70
V9  00 30 14.345 +46 50 47.45 RRab   0.5742  856.642 25.57 25.15  1.41  1.10
V10 00 30 04.745 +46 50 06.57 RRab   0.72    854.705 25.71 25.32  0.76  0.49
V11 00 30 14.186 +46 50 17.44 RRab   0.5963  856.705 25.68 25.33  1.06  0.98
V12 00 30 12.939 +46 52 22.79 RRab   0.5466  854.795 25.73 25.39  1.44  1.10
V13 00 30 02.642 +46 50 12.32 RRab   0.7254  852.133 25.80 25.38  1.00  0.78
V14 00 30 02.612 +46 52 23.61 RRab   0.576   854.804 25.72 25.33  1.36  1.06
V15 00 30 14.464 +46 49 28.74 RRab   0.591   856.663 25.63 25.20  1.01  0.79
V16 00 30 17.886 +46 51 58.24 RRab   0.610   851.573 25.95 25.53  0.90  0.56
V17 00 30 18.136 +46 50 05.58 RRab   0.5675  855.784 25.68 25.31  1.36  1.18
V18 00 30 02.457 +46 48 57.10 RRc    0.375   854.810 25.64 25.31  0.74  0.33
V19 00 30 13.024 +46 48 31.33 RRab   0.577   855.587 25.66 25.28  1.22  0.95
V20 00 29 59.216 +46 52 40.02 RRc    0.3085  852.695 25.43 25.16  0.53  0.36
V21 00 30 21.242 +46 51 02.77 RRab   0.562   854.804 25.41 25.07  1.60  1.25
V22 00 29 58.666 +46 53 04.62 RRab   0.655   857.894 25.69 25.31  0.71  0.65
V23 00 30 21.905 +46 51 36.72 RRc    0.3668  858.900 25.49 25.15  0.81  0.61
V24 00 30 18.610 +46 53 37.02 RRab   0.537   854.816 25.66 25.29  1.89  1.28
V25 00 30 15.060 +46 47 56.28 RRab   0.637   856.670 25.73 25.27  0.80  0.51
V26 00 30 23.121 +46 51 10.67 RRc    0.405   856.782 25.61 25.26  0.70  0.47
V27 00 30 21.141 +46 49 12.98 RRab   0.547   857.652 25.60 25.22  1.25  0.97
V28 00 30 17.693 +46 48 10.12 RRab   0.565   856.747 25.62 25.25  1.42  1.12
V29 00 29 55.136 +46 49 28.51 RRab   0.632   856.860 25.73 25.26  0.781 0.56
V30 00 30 03.691 +46 47 25.31 RRc    0.368   856.767 25.55 25.20  0.452 0.41
V31 00 30 13.107 +46 47 15.13 RRab   0.669   856.780 25.50 24.88  0.845 0.51
V32 00 30 11.748 +46 55 04.50 RRc    0.378   856.677 25.60 25.34  0.66  0.59
V33 00 29 58.771 +46 47 48.94 RRab   0.577   856.850 25.61 25.24  0.87  0.72
V34 00 30 26.025 +46 51 13.58 RRab   0.5575  858.894 25.65 25.30  1.16  0.81
V35 00 30 19.772 +46 47 45.21 RRab   0.579   854.780 25.64 25.17  1.50  1.17
V36 00 30 26.764 +46 50 36.83 RRab   0.5678  858.615 25.47 25.14  1.71  1.32
V37 00 30 02.239 +46 46 45.76 RRab   0.6992  857.747 25.64 25.23  0.80  0.62
V38 00 30 18.484 +46 47 02.00 RRab   0.67    856.802 25.63 25.30  0.72  0.47
V39 00 30 22.544 +46 54 27.27 RRab   0.5766  858.601 25.54 25.22  1.21  1.00
V40 00 30 18.502 +46 46 50.06 RRab   0.621   858.638 25.66 25.27  1.37  0.82
V41 00 29 55.859 +46 47 19.20 RRab   0.618   856.664 25.66 25.29  0.82  0.67
V43 00 29 48.512 +46 51 50.74 RRc    0.37    855.660 25.59 25.17  0.64  0.34
V44 00 29 48.589 +46 49 46.67 RRab   0.615   858.598 25.59 25.25  0.92  0.69
V45 00 30 04.316 +46 44 45.19 RRab   0.5867  855.842 25.59 25.33  1.13  0.93
V47 00 30 08.635 +46 44 29.81 RRab   0.6322  854.715 25.65 25.36  1.02  0.81
V48 00 29 57.962 +46 44 56.31 RRab   0.6325  857.792 25.74 25.36  0.81  0.70
V49 00 30 25.549 +46 56 26.38 RRab   0.592   855.790 25.65 25.33  1.05  0.92
V50 00 29 41.661 +46 50 24.07 RRab   0.579   856.863 25.65 25.45  0.81  0.67
V51 00 30 17.641 +46 57 49.18 RRab   0.6371  855.593 25.43 25.08  1.13  0.93
V52 00 30 09.862 +46 43 59.74 RRab   0.6243  856.652 25.58 25.20  0.97  0.71
V54 00 30 24.470 +46 57 13.95 RRab   0.635   855.580 25.66 25.20  0.80  0.65
V55 00 30 37.347 +46 52 57.46 RRab   0.681   851.572 25.61 25.231 0.80  0.66
V56 00 29 50.346 +46 44 58.80 RRc    0.299   858.907 25.66 25.39  0.67  0.53
V57 00 30 16.060 +46 42 25.70 RRab   0.57    856.764 25.77 25.38  0.97  0.72
V59 00 29 56.648 +46 42 10.13 RRab   0.642   856.847 25.45 25.22  1.201 1.087
V62 00 30 14.030 +46 41 22.26 RRab   0.5337  856.732 25.67 25.22  1.58  1.233
V63 00 29 49.898 +46 49 07.68 RRab   0.5486  855.629 25.55 25.16  1.483 1.157
