  1 17 20 13.59 58 05 24.2 0.39363 0.48 20.18 19.60 c
  2 17 19 42.54 58 03 26.8 0.59259 0.80 19.96 19.41 ab
  3 17 20 14.88 58 01 46.8 0.64876 0.78 20.00 19.39 ab
  4 17 20 29.95 58 00 57.7 0.62625 0.61 20.18 19.63 ab
  6 17 20 18.95 58 00 37.9 0.69485 0.75 19.94 19.34 ab
  7 17 20 09.56 57 59 57.4 0.61896 0.62 20.19 19.57 ab
  8 17 20 15.23 57 59 17.3 0.56957 0.92 20.10 19.55 ab
  9 17 19 35.72 57 58 32.2 0.68418 0.50 20.02 19.39 ab
 11 17 20 41.93 57 58 27.4 0.41100 0.48 20.08 19.52 d
 12 17 20 41.86 57 57 50.0 0.57638 0.76 20.17 19.61 ab
 13 17 20 47.19 57 57 59.5 0.53657 1.16 20.10 19.64 ab
 14 17 19 30.51 57 56 33.8 0.61839 0.99 20.01 19.45 ab
 15 17 19 23.29 57 55 55.9 0.57803 0.67 20.23 19.63 ab
 16 17 19 56.68 57 56 00.6 0.62489 0.60 20.13 19.52 ab
 17 17 20 40.33 57 56 04.1 0.59852 0.86 20.15 19.66 ab
 18 17 19 34.07 57 55 35.7 0.54963 1.10 20.19 19.73 ab
 19 17 19 43.94 57 55 09.6 0.63183 0.69 20.14 19.53 ab
 20 17 19 48.26 57 54 51.4 0.61997 0.86 20.16 19.49 ab
 21 17 20 32.52 57 55 09.6 0.56061 0.99 20.30 19.88 ab
 22 17 19 11.96 57 54 37.2 0.58047 0.73 20.16 19.65 ab
 23 17 19 22.90 57 54 11.8 0.61791 0.78 20.11 19.55 ab
 24 17 19 58.92 57 54 14.7 0.63211 0.62 20.19 19.62 ab
 25 17 20 49.78 57 54 05.1 0.56174 0.86 20.25 19.74 ab
 26 17 21 16.56 57 53 31.9 0.60392 0.69 20.14 19.47 ab
 27 17 20 06.01 57 53 49.0 0.76413 0.56 19.95 19.32 ab
 28 17 19 24.53 57 53 36.4 0.62593 0.57 20.10 19.47 ab
 29 17 20 16.66 57 53 12.1 0.56919 0.89 20.09 19.33 ab
 30 17 20 53.28 57 53 14.2 0.62977 0.60 20.19 19.58 ab
 32 17 19 56.27 57 52 47.8 0.55184 1.01 20.10 19.55 ab
 33 17 19 52.43 57 52 26.5 0.61087 0.69 20.11 19.49 ab
 34 17 20 16.96 57 52 40.2 0.54511 0.78 20.24 19.70 ab
 35 17 20 38.39 57 52 35.9 0.57488 0.91 20.17 19.59 ab
 36 17 20 17.63 57 52 00.7 0.62547 0.95 20.01 19.42 ab
 37 17 20 08.44 57 52 03.3 0.55452 0.89 20.16 19.64 ab
 38 17 19 47.67 57 51 41.6 0.62148 0.71 20.16 19.57 ab
 39 17 19 55.37 57 51 37.6 0.57422 0.94 20.17 19.62 ab
 40 17 20 36.85 57 52 12.9 0.61640 0.62 20.13 19.56 ab
 41 17 20 42.87 57 51 28.9 0.57880 0.78 20.13 19.55 ab
 42 17 19 21.80 57 51 21.4 0.69306 0.63 20.01 19.34 ab
 43 17 20 05.77 57 51 07.8 0.60368 0.69 20.10 19.54 ab
 44 17 20 16.89 57 50 18.2 0.38436 0.48 20.12 19.63 c
 45 17 19 34.99 57 50 47.8 0.58048 0.95 20.13 19.55 ab
 46 17 19 36.43 57 49 30.0 0.33633 0.65 20.19 19.73 c
 47 17 19 28.93 57 49 17.2 0.63242 0.68 20.16 19.52 ab
 48 17 19 49.91 57 49 04.6 0.58167 0.68 20.04 19.55 ab
 49 17 20 08.55 57 47 28.5 0.62026 0.71 20.10 19.52 ab
 50 17 19 38.37 57 47 24.7 0.37904 0.43 20.08 19.65 c
 51 17 21 15.59 58 05 21.9 0.60658 0.77 20.10 19.53 ab
 52 17 20 59.26 58 05 22.9 0.60143 0.73 20.08 19.47 ab
 53 17 20 41.85 58 03 45.2 0.64255 0.68 20.01 19.42 ab
 54 17 19 03.26 58 03 07.7 0.63874 0.62 20.14 19.57 ab
 55 17 19 59.50 58 03 34.4 0.60100 0.80 20.03 19.50 ab
 56 17 21 14.16 58 03 17.2 0.59356 0.85 20.06 19.53 ab
 57 17 20 08.17 58 02 31.7 0.60485 0.59 20.03 19.38 ab
 58 17 20 06.14 58 02 06.6 0.60427 0.58 20.16 19.54 ab
 59 17 20 02.26 58 01 20.6 0.58929 0.86 20.15 19.59 ab
 60 17 19 24.78 57 58 47.4 0.60930 0.59 20.08 19.45 ab
 61 17 21 30.12 57 58 41.1 0.38941 0.53 20.02 19.50 c
 62 17 20 57.20 57 58 21.3 0.60347 0.66 20.14 19.55 ab
 63 17 20 46.55 57 57 41.8 0.61063 0.59 20.12 19.52 ab
 64 17 19 31.78 57 57 05.1 0.59874 0.58 20.15 19.52 ab
 65 17 19 59.22 57 56 46.5 0.58911 0.84 20.10 19.59 ab
 66 17 19 05.65 57 55 20.2 0.64745 0.42 20.18 19.57 ab
 67 17 21 31.31 57 55 04.7 0.58752 0.79 20.15 19.62 ab
 68 17 20 09.24 57 54 38.5 0.61683 0.66 20.03 19.43 ab
 69 17 21 26.95 57 54 19.6 0.59496 0.76 20.11 19.52 ab
 70 17 21 07.10 57 54 08.9 0.62508 1.01 20.02 19.45 ab
 71 17 20 15.59 57 54 18.0 0.62146 1.06 20.32 19.67 ab
 72 17 20 12.44 57 54 11.4 0.40715 0.99 20.12 19.64 d
 73 17 19 17.57 57 53 32.7 0.58470 0.85 20.17 19.61 ab
 74 17 20 00.32 57 53 26.4 0.59173 0.97 20.09 19.57 ab
 75 17 20 56.66 57 53 52.5 0.60288 0.69 20.19 19.61 ab
 76 17 18 58.17 57 52 56.7 0.58336 0.95 20.03 19.52 ab
 77 17 19 45.55 57 52 41.0 0.63960 0.58 20.23 19.65 ab
 78 17 19 54.55 57 52 56.1 0.59315 0.70 20.12 19.56 ab
 79 17 19 54.93 57 52 28.0 0.61144 0.69 20.18 19.56 ab
 80 17 21 02.69 57 52 50.6 0.60234 0.96 20.14 19.71 ab
 81 17 20 21.07 57 52 19.0 0.73202 0.39 19.95 19.37 ab
 82 17 20 41.68 57 49 52.0 0.59222 0.78 20.14 19.57 ab
 83 17 20 48.80 57 50 01.8 0.40078 0.61 20.11 19.54 d
 84 17 19 53.42 57 48 45.6 0.59195 1.02 19.97 19.49 ab
 85 17 19 51.29 57 48 43.7 0.61164 0.72 20.08 19.50 ab
 86 17 19 46.23 57 47 44.4 0.62896 0.64 20.13 19.57 ab
 87 17 21 08.69 57 47 46.6 0.61526 0.57 20.22 19.62 ab
 88 17 20 10.69 57 45 59.0 0.60195 0.64 20.19 19.65 ab
 89 17 20 09.22 57 45 38.1 0.60867 0.71 20.10 19.54 ab
 90 17 19 45.89 58 05 18.7 0.30851 0.64 20.14 19.80 c
 92 17 19 39.52 58 02 46.8 0.56437 0.89 20.17 19.62 ab
 93 17 19 49.13 58 02 12.5 0.58668 0.90 20.10 19.58 ab
 94 17 20 52.12 58 01 25.7 0.56032 1.02 20.10 19.54 ab
 95 17 21 07.01 57 59 42.4 0.61719 0.86 20.01 19.43 ab
 96 17 21 03.54 57 59 50.7 0.58401 0.57 20.06 19.45 ab
 97 17 20 59.14 58 00 05.8 0.31477 0.64 20.01 19.61 c
 98 17 20 07.12 57 59 49.4 0.62786 0.79 20.00 19.46 ab
100 17 19 29.46 57 58 25.7 0.74363 0.36 19.96 19.36 ab
101 17 19 39.07 57 58 04.0 0.61953 0.76 20.14 19.57 ab
102 17 19 19.50 57 57 38.9 0.58258 0.92 20.08 19.54 ab
103 17 20 28.25 57 57 00.8 0.60638 0.68 20.17 19.66 ab
104 17 19 45.84 57 56 26.1 0.59182 0.92 20.11 19.55 ab
105 17 21 31.28 57 55 10.1 0.61174 0.69 20.21 19.61 ab
106 17 20 26.69 57 54 27.5 0.62048 0.59 20.19 19.65 ab
107 17 19 26.62 57 53 34.2 0.58120 0.81 20.10 19.55 ab
108 17 19 56.89 57 53 50.1 0.65976 0.44 20.16 19.52 ab
109 17 18 58.72 57 52 57.1 0.59473 0.71 20.13 19.52 ab
110 17 19 18.40 57 52 45.6 0.36924 0.53 20.16 19.63 c
112 17 21 06.42 57 51 52.9 0.42845 0.51 20.06 19.48 d
113 17 20 03.11 57 49 51.9 0.36274 0.47 20.10 19.62 c
114 17 19 55.40 57 49 00.7 0.64636 0.58 19.88 19.29 ab
115 17 19 02.18 57 47 54.5 0.59372 0.71 20.14 19.62 ab
116 17 19 27.08 57 46 54.1 0.57984 0.90 20.16 19.64 ab
118 17 20 59.32 58 01 26.4 0.58940 0.87 19.98 19.43 ab
119 17 20 25.90 58 00 02.2 0.66464 0.48 20.10 19.53 ab
120 17 18 58.80 57 58 05.6 0.40051 0.44 20.01 19.51 c
121 17 19 39.88 57 57 53.6 0.33647 0.63 20.02 19.55 c
122 17 19 57.18 57 58 19.8 0.63837 0.54 20.17 19.59 ab
123 17 20 11.53 57 58 02.6 0.58474 0.56 20.15 19.61 ab
124 17 20 33.07 57 57 30.7 0.55673 1.10 20.13 19.62 ab
125 17 20 53.49 57 57 04.6 0.68171 0.65 20.04 19.44 ab
126 17 20 08.90 57 56 22.9 0.59283 0.77 20.07 19.49 ab
127 17 19 44.97 57 54 18.1 0.66454 0.73 20.14 19.57 ab
128 17 21 14.05 57 54 35.5 0.63400 0.61 20.16 19.54 ab
129 17 19 41.43 57 53 27.6 0.59012 0.58 20.23 19.66 ab
130 17 21 19.05 57 53 24.5 0.57159 1.02 20.16 19.57 ab
131 17 21 19.47 57 52 35.7 0.40621 0.66 20.07 19.57 d
132 17 20 24.20 57 51 41.3 0.63331 0.52 20.10 19.55 ab
133 17 20 51.20 57 51 47.8 0.61001 0.58 20.08 19.49 ab
135 17 20 30.16 57 50 40.1 0.63139 0.78 20.07 19.46 ab
136 17 20 44.12 57 50 27.0 0.55487 1.19 20.14 19.56 ab
137 17 19 23.01 57 49 58.5 0.60245 0.83 20.19 19.59 ab
138 17 20 35.88 57 49 18.7 0.40773 0.46 19.91 19.30 d
139 17 21 21.90 57 49 26.8 0.33841 0.64 20.09 19.70 c
140 17 20 17.09 57 46 41.0 0.62578 0.51 20.08 19.53 ab
142 17 19 13.30 58 04 54.5 0.63813 0.91 20.05 19.51 ab
143 17 19 31.77 57 59 27.1 0.40324 0.43 20.02 19.14 d
144 17 19 52.18 57 59 09.4 0.58887 0.82 20.16 19.59 ab
145 17 20 57.87 57 58 48.5 0.39738 0.52 20.09 19.61 c
146 17 21 26.73 57 57 25.9 0.58186 0.79 19.95 19.38 ab
147 17 19 48.75 57 56 57.0 0.58732 0.66 20.09 19.47 ab
148 17 19 56.80 57 54 59.0 0.67413 0.40 20.18 19.60 ab
149 17 19 22.46 57 54 04.3 0.67536 0.31 20.21 19.61 ab
150 17 20 31.38 57 53 02.4 0.67633 0.43 20.05 19.31 ab
151 17 20 53.13 57 53 03.7 0.62067 0.56 20.14 19.51 ab
152 17 20 02.61 57 51 30.6 0.62690 0.63 20.13 19.56 ab
153 17 20 17.46 57 46 01.8 0.40215 0.40 20.03 19.51 c
154 17 20 50.94 57 45 17.0 0.63200 0.72 20.05 19.46 ab
155 17 20 03.72 58 05 21.6 0.41989 0.41 20.02 19.54 d
156 17 19 55.09 58 01 09.9 0.40871 0.62 19.96 19.54 d
158 17 20 31.15 57 57 37.2 0.65465 0.55 20.10 19.53 ab
159 17 19 05.65 57 55 38.8 0.65295 0.63 20.06 19.46 ab
160 17 20 08.92 57 55 29.3 0.64320 0.59 20.16 19.59 ab
161 17 20 40.59 57 54 52.1 0.62158 0.65 20.20 19.63 ab
162 17 20 37.99 57 55 31.1 0.62171 0.68 20.11 19.37 ab
163 17 20 58.94 57 53 44.2 0.56060 0.96 20.23 19.71 ab
164 17 20 45.14 57 51 27.7 0.62464 0.62 20.10 19.50 ab
165 17 20 08.64 57 50 07.1 0.35802 0.55 20.21 19.64 d
166 17 21 20.23 57 49 18.2 0.36339 0.44 20.10 19.62 c
167 17 20 07.68 58 01 40.2 0.66756 0.61 20.10 19.51 ab
169 17 20 42.33 57 58 52.4 0.40317 0.69 20.12 19.60 d
170 17 20 52.01 57 55 32.0 0.40370 0.42 20.21 19.84 c
171 17 20 15.40 57 53 28.1 0.59963 0.70 20.10 19.57 ab
172 17 20 36.84 57 48 20.6 0.66282 0.66 19.96 19.37 ab
173 17 20 59.52 57 55 42.3 0.36946 0.57 20.04 19.31 c
174 17 19 42.91 57 55 27.1 0.67612 0.53 20.00 19.45 ab
175 17 20 58.47 57 53 32.0 0.56243 0.99 20.11 19.61 ab
176 17 20 48.99 57 51 03.2 0.60211 0.58 19.68 18.96 ab
177 17 20 52.79 57 50 41.8 0.59242 0.98 20.11 19.49 ab
178 17 20 57.24 57 50 01.2 0.59386 0.92 20.09 19.49 ab
179 17 21 10.77 57 47 36.2 0.39293 0.51 20.04 19.57 c
180 17 20 46.73 58 03 03.2 0.65982 0.45 20.04 19.38 ab
181 17 21 12.74 58 01 31.0 0.38572 0.55 20.10 19.66 c
182 17 19 28.21 58 00 43.5 0.41022 0.48 20.04 19.57 c
183 17 21 07.35 57 58 00.6 0.59506 0.91 20.11 19.57 ab
184 17 20 13.73 57 57 24.9 0.59430 0.69 20.08 19.54 ab
185 17 20 47.28 57 55 23.0 0.59385 0.60 20.25 19.62 ab
186 17 20 06.57 57 49 45.0 0.59717 0.73 20.24 19.66 ab
187 17 19 26.12 57 48 51.3 0.68939 0.40 20.10 19.49 ab
188 17 19 42.62 57 53 30.0 0.67368 0.54 20.10 19.47 ab
189 17 21 13.02 57 53 50.8 0.59440 0.75 20.14 19.53 ab
190 17 20 42.51 57 51 53.1 0.39652 0.52 20.07 19.54 d
191 17 19 17.45 57 48 42.9 0.39729 0.45 20.04 19.57 c
192 17 20 13.14 57 55 26.4 0.66098 0.55 20.22 19.63 ab
193 17 20 21.58 57 54 31.0 0.67818 0.29 20.11 19.53 ab
196 17 19 51.33 57 53 20.9 0.58936 1.01 20.16 19.65 ab
197 17 21 25.64 57 50 30.4 0.59265 0.60 20.12 19.51 ab
198 17 20 51.82 57 56 35.9 0.67956 0.37 20.07 19.46 ab
199 17 21 18.63 57 47 43.8 0.66690 0.65 20.09 19.52 ab
200 17 21 17.02 58 05 11.9 0.41700 0.32 20.03 19.52 c
201 17 20 36.57 58 03 57.7 0.65900 0.45 20.11 19.50 ab
202 17 21 21.04 57 50 44.8 0.64213 0.37 20.17 19.50 ab
207 17 23 05.77 57 59 13.4 0.56817 0.87 20.11 19.56 ab
213 17 22 41.11 57 58 03.8 0.62290 0.66 20.15 19.54 ab
216 17 22 30.47 57 42 24.1 0.59338 0.79 20.11 19.55 ab
217 17 22 22.09 57 58 02.7 0.41166 0.55 20.06 19.50 d
218 17 22 20.80 57 55 54.4 0.60842 0.75 20.11 19.53 ab
219 17 22 19.42 57 53 10.9 0.60534 0.63 20.21 19.62 ab
220 17 22 19.44 57 51 43.8 0.62203 0.72 20.12 19.52 ab
221 17 22 16.13 57 50 03.7 0.40788 0.57 20.13 19.54 d
223 17 22 09.97 57 46 40.5 0.60209 0.69 20.19 19.60 ab
225 17 22 03.62 57 43 59.2 0.57588 0.85 20.13 19.65 ab
226 17 22 00.30 57 58 01.1 0.29750 0.43 20.05 19.66 c
227 17 22 00.12 57 58 23.4 0.60069 0.60 20.13 19.55 ab
228 17 21 48.28 58 11 29.1 0.41605 0.47 20.10 19.55 d
232 17 21 47.30 57 53 06.5 0.41082 0.53 20.05 19.47 d
233 17 21 46.39 58 07 32.8 0.59427 0.50 20.16 19.64 ab
234 17 21 45.75 57 51 49.5 0.65512 0.42 20.13 19.49 ab
235 17 21 45.39 57 41 45.7 0.39954 0.64 20.15 19.71 d
236 17 21 42.85 57 37 02.0 0.40420 0.51 20.04 19.56 c
237 17 21 41.89 57 54 29.7 0.61271 0.76 20.20 19.67 ab
238 17 21 41.81 57 38 11.9 0.56264 0.84 20.07 19.51 ab
239 17 21 41.23 57 55 43.5 0.59004 0.93 20.14 19.59 ab
242 17 21 40.90 57 59 39.4 0.35332 0.49 20.11 19.70 c
243 17 21 41.15 57 54 23.9 0.72130 0.39 20.00 19.37 ab
244 17 21 40.66 57 54 36.2 0.56161 0.67 20.17 19.66 ab
245 17 21 40.34 57 51 32.2 0.41106 0.48 20.04 19.45 d
246 17 21 38.70 57 52 42.0 0.63086 0.50 20.19 19.56 ab
247 17 21 36.46 57 55 58.8 0.41762 0.49 20.09 19.55 d
248 17 21 35.07 57 53 04.9 0.41828 0.48 20.06 19.51 d
249 17 21 30.07 58 07 48.5 0.60027 0.92 20.09 19.60 ab
250 17 21 30.37 57 48 52.8 0.40488 0.48 20.09 19.59 d
252 17 21 29.08 58 03 16.1 0.58232 0.90 20.10 19.54 ab
253 17 21 26.82 58 06 58.0 0.59247 0.80 20.21 19.68 ab
258 17 21 09.54 58 09 14.7 0.58614 0.94 20.03 19.47 ab
260 17 21 00.07 58 06 20.3 0.55743 0.94 20.08 19.56 ab
261 17 20 58.51 58 09 18.0 0.55670 0.79 20.10 19.55 ab
262 17 20 55.08 57 43 35.2 0.61697 0.74 20.09 19.53 ab
265 17 20 51.99 58 15 02.1 0.58396 0.96 20.05 19.60 ab
267 17 20 46.52 57 48 18.9 0.67495 0.42 20.04 19.41 ab
269 17 20 43.61 58 08 30.9 0.54478 1.11 20.05 19.54 ab
270 17 20 42.46 57 39 55.8 0.56602 1.04 19.95 19.41 ab
273 17 20 38.99 57 57 32.4 0.79061 0.23 19.97 19.36 ab
275 17 20 29.33 57 58 07.6 0.65198 0.32 20.19 19.64 ab
276 17 20 19.11 58 16 21.8 0.63478 0.43 17.57 16.88 ab
277 17 20 14.32 57 44 02.0 0.64281 0.81 20.02 19.49 ab
278 17 20 08.35 57 35 01.8 0.61812 0.83 20.10 19.60 ab
279 17 20 00.79 57 44 11.7 0.60644 0.72 19.99 19.43 ab
281 17 20 00.66 57 42 20.3 0.69818 0.58 19.97 19.39 ab
284 17 19 57.88 57 41 57.3 0.60760 0.68 20.02 19.45 ab
285 17 19 44.74 57 57 37.3 0.65136 0.57 19.84 19.27 ab
286 17 19 43.55 58 06 02.9 0.60153 0.84 20.11 19.55 ab
289 17 19 29.26 57 41 59.5 0.39742 0.58 20.13 19.64 d
290 17 19 23.22 58 08 20.3 0.70680 0.38 20.11 19.47 ab
291 17 19 21.05 57 36 41.4 0.72744 0.43 19.92 19.34 ab
294 17 19 08.98 57 34 06.7 0.40548 0.60 20.11 19.69 d
295 17 19 07.75 57 44 32.7 0.42625 0.57 20.04 19.61 c
297 17 19 04.96 58 03 30.3 0.66699 0.51 20.12 19.48 ab
298 17 19 04.47 58 06 17.1 0.63785 0.85 20.15 19.68 ab
301 17 19 00.43 57 37 29.9 0.41287 0.49 20.04 19.61 d
303 17 18 51.86 57 47 28.1 0.62029 0.78 20.19 19.68 ab
304 17 18 49.62 57 53 56.1 0.66365 0.58 20.08 19.51 ab
305 17 18 47.75 58 03 31.9 0.64080 0.31 20.12 19.46 ab
306 17 18 47.01 58 14 08.9 0.39823 0.61 20.04 19.54 d
307 17 18 45.25 57 52 22.6 0.39504 0.48 20.02 19.57 c
308 17 18 38.43 57 52 38.5 0.60803 0.51 20.03 19.49 ab
309 17 18 35.08 57 56 54.8 0.61993 0.63 20.00 19.24 ab
310 17 18 33.34 57 51 59.9 0.64819 0.67 20.03 19.45 ab
313 17 18 29.82 58 11 52.7 0.57270 0.94 20.06 19.52 ab
314 17 18 27.57 57 52 13.3 0.43096 0.53 19.93 19.44 c
315 17 18 24.82 57 59 48.3 0.57953 0.85 20.04 19.53 ab
316 17 18 24.92 57 43 31.7 0.32679 0.63 20.06 19.74 c
317 17 18 19.34 57 58 42.7 0.58685 0.83 20.02 19.48 ab
318 17 18 19.52 57 55 49.9 0.40829 0.62 20.16 19.61 d
319 17 18 19.52 57 46 21.1 0.62276 0.91 19.99 19.45 ab
321 17 18 12.87 58 02 56.0 0.59716 0.61 17.93 17.37 ab
323 17 18 09.26 57 37 05.7 0.55540 1.04 20.00 19.53 ab
324 17 18 04.66 58 02 35.7 0.60035 0.71 20.02 19.47 ab
325 17 18 02.69 57 48 14.2 0.62424 0.68 19.99 19.43 ab
326 17 17 59.11 58 02 05.6 0.62179 0.68 20.02 19.45 ab
327 17 17 55.93 57 40 00.0 0.61859 0.94 17.55 17.05 ab
330 17 17 46.91 57 43 27.8 0.35233 0.67 19.99 19.54 c
332 17 17 29.12 57 34 25.6 0.61233 0.70 20.15 19.61 ab
