V00030	1 51 10.3023	−44 23 46.811	ab	0.55	0.719	0.3	23.957	23.444
V01828	1 51 9.385	−44 24 7.623	ab	0.577	1.145	0.716	23.747	23.242
V01850	1 51 12.7286	−44 24 57.335	c	0.383	0.525	0.328	23.636	23.204
V01851	1 51 7.3409	−44 24 45.572	ab	0.657	0.642	0.379	23.767	23.153
V01852	1 51 10.1339	−44 24 39.903	ab	0.55	1.167	0.729	23.728	23.307
V01862	1 51 10.6558	−44 25 27.132	ab	0.6	0.877	0.548	23.826	23.246
V01867	1 51 10.1103	−44 24 23.18	ab	0.642	0.728	0.455	23.684	23.101
V01868	1 51 9.5417	−44 25 12.712	ab	0.571	0.89	0.556	23.783	23.27
V01870	1 51 7.0235	−44 25 7.425	ab	0.591	0.819	0.512	23.779	23.264
V01877	1 51 11.3796	−44 25 1.509	c	0.356	0.509	0.318	23.698	23.292
V01889	1 51 11.3589	−44 24 40.242	c	0.36	0.492	0.307	23.735	23.273
V01900	1 51 9.4811	−44 24 45.698	c	0.34	0.473	0.349	23.72	23.337
V01904	1 51 6.6992	−44 25 10.371	ab	0.591	0.746	0.466	23.713	23.178
V01906	1 51 12.6181	−44 25 15.33	c	0.37	0.626	0.31	23.735	23.251
V01909	1 51 8.8591	−44 25 23.986	ab	0.688	0.556	0.348	23.87	23.233
V01926	1 51 11.6177	−44 24 39.268	ab	0.575	0.375	0.235	23.806	23.21
V01933	1 51 10.2845	−44 24 58.76	c	0.364	0.35	0.131	23.785	23.463
V08484	1 51 5.372	−44 24 8.984	ab	0.528	1.104	0.69	23.791	23.334
V08486	1 51 8.4435	−44 24 16.779	ab	0.598	0.989	0.618	23.805	23.257
V08503	1 51 1.9574	−44 24 37.401	ab	0.584	0.896	0.56	23.814	23.298
V08517	1 51 6.4885	−44 24 49.23	ab	0.575	0.52	0.325	23.792	23.194
V08519	1 51 3.5394	−44 23 54.399	ab	0.54	1.194	0.746	23.743	23.297
V08525	1 51 7.9508	−44 24 9.073	c	0.33	0.521	0.326	23.742	23.378
V08527	1 51 4.2859	−44 24 20.434	c	0.29	0.258	0.176	23.739	23.391
V08535	1 51 3.9698	−44 24 26.839	ab	0.55	0.6	0.351	23.911	23.389
V08547	1 51 6.6909	−44 24 13.971	ab	0.52	0.705	0.42	23.836	23.297
V08548	1 51 7.4302	−44 24 33.553	ab	0.527	0.55	0.343	23.873	23.365
V13413	1 51 5.4186	−44 23 26.427	ab	0.55	0.9	0.5	23.853	23.411
V13419	1 51 8.8069	−44 23 35.074	ab	0.604	0.761	0.475	23.788	23.163
V13426	1 51 8.3281	−44 23 36.738	c	0.367	0.435	0.272	23.785	23.311
V13428	1 51 5.9148	−44 23 32.945	ab	0.633	0.452	0.282	23.878	23.248
V13439	1 51 9.8959	−44 22 48.219	c	0.27	0.283	0.166	23.795	23.421
V00182	1 51 10.9012	−44 26 16.739	c	0.352	0.43	0.269	23.756	23.305
V00220	1 51 8.3127	−44 26 19.618	ab	0.711	0.738	0.461	24.0	23.471
V00221	1 51 8.4787	−44 26 30.691	ab	0.64	0.6	0.375	23.994	23.542
V00230	1 51 8.9078	−44 26 37.951	ab	0.565	0.908	0.556	23.785	23.346
V04487	1 51 7.5186	−44 27 6.035	ab	0.56	1.2	0.752	23.27	22.728
V04565	1 51 9.8315	−44 27 33.477	ab	0.716	0.752	0.47	23.598	23.067
V04566	1 51 7.132	−44 27 39.686	c	0.393	0.482	0.301	23.609	23.197
V04629	1 51 6.1442	−44 27 19.921	c	0.341	0.494	0.309	23.745	23.328
V04641	1 51 10.1578	−44 27 25.703	ab	0.591	0.834	0.55	23.682	23.193
V04642	1 51 11.5694	−44 27 16.29	c	0.38	0.436	0.241	23.67	23.27
V04663	1 51 8.3945	−44 27 5.552	ab	0.557	0.637	0.398	23.708	23.112
V04664	1 51 6.8452	−44 27 25.634	c	0.36	0.418	0.23	23.769	23.338
V04666	1 51 7.0685	−44 26 54.726	ab	0.615	0.684	0.428	23.745	23.209
V04675	1 51 5.7521	−44 27 21.587	c	0.4	0.355	0.19	23.74	23.3
V04677	1 51 11.3829	−44 27 33.179	c	0.33	0.4	0.244	23.75	23.294
V04694	1 51 9.5196	−44 27 20.383	ab	0.57	1.237	0.776	23.469	23.035
V04702	1 51 6.9907	−44 27 10.772	ab	0.65	0.425	0.266	23.818	23.267
V04708	1 51 8.0198	−44 27 19.846	ab	0.64	0.679	0.4	23.741	23.171
V04711	1 51 6.2346	−44 27 44.12	ab	0.64	0.681	0.405	23.691	23.159
V05076	1 51 7.2067	−44 27 44.776	ab	0.662	0.75	0.45	24.118	23.827
V15025	1 51 4.5119	−44 27 24.002	c	0.4	0.409	0.223	23.419	23.025
V15061	1 51 3.5596	−44 26 36.829	ab	0.524	0.939	0.587	23.684	22.989
V15146	1 51 2.0041	−44 27 22.887	c	0.259	0.425	0.266	23.689	23.089
V15193	1 51 3.5748	−44 27 7.108	ab	0.6	0.595	0.372	23.769	23.235
V15217	1 51 3.8976	−44 26 53.091	c	0.35	0.43	0.269	23.702	23.291
V15222	1 51 0.9742	−44 26 22.131	c	0.307	0.346	0.216	23.723	23.29
V15239	1 51 4.6409	−44 26 44.189	ab	0.6	0.492	0.279	23.737	23.225
V15264	1 51 1.9697	−44 26 52.379	ab	0.6	0.959	0.599	23.799	23.361
V15265	1 51 4.3707	−44 27 40.149	ab	0.571	1.166	0.729	23.592	23.017
V15267	1 51 2.8094	−44 27 35.197	ab	0.616	0.705	0.44	23.835	23.333
V15297	1 51 2.8737	−44 26 41.092	ab	0.65	0.898	0.55	23.64	23.146
V15330	1 51 1.1669	−44 26 23.008	ab	0.53	1.058	0.657	23.73	23.18
V15334	1 51 1.3606	−44 26 41.063	ab	0.581	1.028	0.643	23.796	23.286
V15397	1 50 59.5913	−44 27 8.637	ab	0.56	1.063	0.665	23.746	23.293
V24705	1 51 8.7395	−44 25 37.304	ab	0.72	0.348	0.218	23.566	23.022
V24730	1 51 7.7841	−44 25 59.551	ab	0.61	0.999	0.624	23.707	23.271
V24740	1 51 7.8297	−44 25 48.525	ab	0.56	0.884	0.54	23.77	23.142
V24758	1 51 7.6053	−44 25 57.245	ab	0.558	1.161	0.725	23.48	22.962
V24796	1 51 6.4818	−44 26 7.381	c	0.4	0.466	0.244	23.693	23.277
V24816	1 51 7.442	−44 26 28.76	ab	0.574	0.857	0.535	23.755	23.15
V24819	1 51 5.361	−44 25 31.527	ab	0.592	0.857	0.535	23.761	23.281
V24830	1 51 3.9655	−44 26 15.488	ab	0.55	1.242	0.744	23.726	23.285
V24859	1 51 4.7892	−44 26 19.749	ab	0.56	1.156	0.722	23.826	23.299
V24860	1 51 5.4346	−44 25 35.49	c	0.397	0.48	0.3	23.73	23.331
V24867	1 51 1.9257	−44 25 54.047	ab	0.631	0.419	0.262	23.874	23.224
V24930	1 51 5.4548	−44 25 43.291	c	0.36	0.387	0.242	23.802	23.355
V00026	1 51 12.2262	−44 23 50.628	ab	0.55	0.925	0.492	23.91	23.219
V00029	1 51 10.6934	−44 24 2.009	ab	0.566	0.806	0.504	23.903	23.2
V01737	1 51 7.3919	−44 25 9.917	ab	0.81	0.7	0.426	23.009	22.375
V01920	1 51 8.6178	−44 25 7.858	ab	0.606	1.071	0.669	23.707	23.245
V01922	1 51 14.8559	−44 24 36.817	ab	0.54	0.94	0.593	23.787	23.247
V01935	1 51 12.8491	−44 25 2.949	ab	0.53	0.988	0.594	23.799	23.253
V01936	1 51 10.6045	−44 25 33.379	ab	0.636	0.823	0.514	23.786	23.268
V01964	1 51 9.6648	−44 24 33.275	ab	0.54	1.17	0.727	23.772	23.287
V01987	1 51 10.7769	−44 25 12.145	ab	0.77	0.288	0.128	24.213	23.325
V08460	1 51 6.265	−44 24 1.739	ab	0.67	0.922	0.946	23.68	23.014
V08478	1 51 5.1497	−44 24 16.041	ab	0.501	1.285	0.803	23.83	23.338
V08499	1 51 4.6759	−44 24 43.511	ab	0.67	0.597	0.373	23.721	23.152
V08518	1 51 6.2679	−44 24 16.05	ab	0.648	0.7	0.231	23.733	23.202
V08553	1 51 6.2555	−44 24 57.4	ab	0.65	0.955	0.317	23.739	23.257
V08557	1 51 5.5317	−44 24 48.54	ab	0.71	0.626	0.391	23.807	23.305
V08558	1 51 3.2475	−44 24 25.363	ab	0.55	0.833	0.51	23.765	23.232
V13436	1 51 9.5384	−44 22 49.036	ab	0.555	1.0	0.618	23.806	23.194
V04221	1 51 10.9832	−44 27 48.207	ab	0.629	0.675	0.4	23.123	22.181
V04269	1 51 6.6831	−44 27 14.035	c	0.646	0.16	0.1	23.322	22.453
V04354	1 51 12.5259	−44 27 27.815	ab	0.641	0.572	0.358	23.375	22.452
V04406	1 51 9.084	−44 26 49.047	ab	0.665	0.552	0.345	23.364	22.599
V04417	1 51 5.9308	−44 27 32.915	ab	0.661	0.554	0.31	23.425	22.577
V04418	1 51 7.4437	−44 27 42.772	ab	0.506	1.06	0.662	23.63	23.071
V04507	1 51 11.0036	−44 27 49.6	ab	0.55	0.16	0.1	23.652	22.78
V04570	1 51 7.5821	−44 27 9.353	ab	0.603	0.733	0.458	23.755	23.177
V04571	1 51 7.5345	−44 27 41.459	ab	0.67	0.294	0.184	23.631	22.95
V04712	1 51 9.3698	−44 27 48.068	c	0.334	0.16	0.1	24.027	23.101
V04721	1 51 7.9728	−44 27 6.884	ab	0.614	0.628	0.393	23.741	23.204
V04741	1 51 9.3652	−44 27 36.423	ab	0.665	0.496	0.31	23.91	23.023
V04799	1 51 11.1361	−44 27 36.472	ab	0.481	1.379	0.871	23.825	23.342
V14821	1 51 4.0875	−44 27 17.392	ab	0.71	0.391	0.244	23.165	22.388
V14932	1 51 1.6833	−44 26 10.717	ab	0.79	0.3	0.15	23.602	22.542
V15082	1 51 5.0753	−44 26 52.258	ab	0.481	1.279	0.799	23.465	22.801
V15143	1 51 1.7939	−44 26 53.144	ab	0.52	1.366	0.854	23.706	23.291
V15170	1 51 2.8397	−44 26 38.914	ab	0.613	0.561	0.351	23.728	23.156
V15191	1 51 5.4653	−44 26 36.46	ab	0.601	0.738	0.461	23.78	23.262
V15207	1 51 4.0704	−44 27 40.983	ab	0.57	0.536	0.335	23.648	23.034
V15242	1 51 3.9535	−44 26 58.767	ab	0.58	0.668	0.396	23.818	23.223
V15271	1 51 5.6198	−44 26 51.548	ab	0.526	0.886	0.554	23.745	23.299
V24727	1 51 4.6408	−44 25 29.496	ab	0.709	0.462	0.288	23.632	22.681
V24794	1 51 7.3438	−44 26 23.126	ab	0.601	0.847	0.529	23.778	23.266
V24906	1 51 8.3403	−44 26 0.238	ab	0.58	0.987	0.617	23.85	23.272
V24962	1 51 7.4637	−44 26 26.23	ab	0.599	1.02	0.631	23.874	23.322
