01 10 21 44.388 +18 05 07.63 26.87 0.09 26.04 0.07 26.56 0.14 0.61 0.06  
02 10 21 47.080 +18 03 59.16 26.85 0.08 26.22 0.07 26.62 0.12 0.52 0.06
03 10 21 44.324 +18 05 33.73 26.89 0.06 26.11 0.07 26.56 0.09 0.69 0.11
04 10 21 43.240 +18 05 53.13 26.90 0.08 26.16 0.06 26.62 0.12 0.64 0.08
05 10 21 44.722 +18 05 39.91 26.90 0.10 26.25 0.07 26.66 0.15 0.57 0.13
06 10 21 42.750 +18 05 46.47 26.89 0.09 26.17 0.05 26.63 0.13 0.59 0.06
07 10 21 43.704 +18 05 34.37 26.89 0.10 26.25 0.07 26.66 0.15 0.61 0.04
08 10 21 45.227 +18 05 46.86 26.91 0.07 26.11 0.06 26.61 0.11 0.57 0.04
09 10 21 44.633 +18 05 21.31 26.84 0.12 26.27 0.06 26.64 0.18 0.53 0.07
10 10 21 44.087 +18 06 22.92 26.86 0.06 26.24 0.07 26.63 0.10 0.34 0.01
