V01  23 51 47.9 24 34 39.5 0.579 25.387 25.734 0.389 0.99 1.40 0.03 1.81 ab
V02  23 51 47.7 24 34 37.2 0.385 25.286 25.700 0.429 0.51 0.72 ... ... c
V03  23 51 47.4 24 34 45.1 0.434 25.217 25.570 0.362 0.41 0.57 ... ... c
V04  23 51 47.3 24 34 47.4 0.365 25.282 25.561 0.295 0.54 0.76 ... ... c
V05  23 51 48.6 24 34 14.0 0.427 25.255 25.665 0.414 0.28 0.40 ... ... c
V07  23 51 48.7 24 34 02.4 0.652 25.330 25.655 0.335 0.48 0.68 0.01 1.59 ab
V08  23 51 49.2 24 33 47.5 0.590 25.209 25.491 0.299 0.64 0.90 0.03 1.42 ab
V09  23 51 47.6 24 34 27.8 0.576 25.321 25.627 0.356 1.07 1.51 0.04 1.90 ab
V10  23 51 48.5 24 34 03.5 0.335 25.256 25.659 0.418 0.52 0.73 ... ... c
V11  23 51 46.9 24 34 42.0 0.534 25.125 25.352 0.256 0.82 1.17 0.03 1.28 ab
V12  23 51 47.4 24 34 27.8 0.549 25.329 25.711 0.417 0.92 1.30 0.00 1.52 ab
V13  23 51 48.5 24 33 57.0 0.395 25.132 25.385 0.266 0.46 0.65 ... ... c
V14  23 51 47.3 24 34 27.5 0.548 25.341 25.590 0.302 1.03 1.46 0.02 1.66 ab
V15  23 51 46.8 24 34 34.2 0.624 25.353 25.644 0.323 0.87 1.23 0.04 1.94 ab
V16  23 51 47.8 24 34 04.6 0.535 25.215 25.538 0.377 1.05 1.49 0.01 1.59 ab
V17  23 51 47.5 24 34 12.4 0.555 25.306 25.611 0.326 0.65 0.92 0.05 1.20 ab
V18  23 51 48.1 24 33 50.4 0.532 25.119 25.421 0.341 0.96 1.36 0.01 1.45 ab
V19  23 51 48.0 24 33 51.8 0.605 25.275 25.644 0.390 0.69 0.98 0.00 1.58 ab
V20  23 51 47.3 24 34 03.5 0.591 25.267 25.656 0.415 0.73 1.03 0.01 1.55 ab
V21  23 51 46.5 24 34 14.2 0.490 25.102 25.374 0.332 1.14 1.61 0.01 1.37 ab
V22  23 51 46.0 24 34 25.0 0.519 25.130 25.400 0.308 0.94 1.34 0.02 1.33 ab
V23  23 51 45.6 24 34 26.6 0.673 25.304 25.673 0.383 0.58 0.82 0.02 1.85 ab
V24  23 51 45.6 24 34 26.3 0.593 25.216 25.572 0.370 0.57 0.81 0.03 1.35 ab
V25  23 51 47.1 24 33 46.3 0.626 25.338 25.710 0.397 0.78 1.11 0.03 1.84 ab
V26  23 51 46.6 24 33 56.4 0.512 25.306 25.658 0.417 1.12 1.58 0.00 1.51 ab
V27  23 51 46.4 24 33 56.6 0.599 25.284 25.568 0.319 0.90 1.27 0.03 1.82 ab
V28  23 51 47.0 24 33 36.0 0.433 25.216 25.510 0.303 0.40 0.56 ... ... c
V29  23 51 45.6 24 34 09.0 0.536 25.104 25.356 0.297 1.02 1.44 0.00 1.56 ab
V30  23 51 45.6 24 34 09.0 0.319 25.354 25.716 0.380 0.56 0.79 ... ... c
V31  23 51 45.9 24 34 01.2 0.647 25.161 25.567 0.423 0.59 0.83 0.01 1.71 ab
V32  23 51 44.4 24 34 29.7 0.717 25.224 25.522 0.309 0.49 0.69 0.03 1.97 ab
V33  23 51 45.1 24 34 06.7 0.567 25.183 25.494 0.341 0.83 1.18 0.01 1.52 ab
V35  23 51 46.5 24 33 26.5 0.604 25.237 25.595 0.385 0.81 1.14 0.02 1.74 ab
V36  23 51 45.6 24 33 47.1 0.539 25.406 25.682 0.331 1.12 1.58 0.02 1.71 ab
V37  23 51 45.0 24 34 01.7 0.691 25.362 25.674 0.330 0.64 0.91 0.04 2.03 ab
V38  23 51 45.7 24 33 31.3 0.548 25.143 25.507 0.402 0.87 1.23 0.01 1.44 ab
V39  23 51 43.6 24 34 22.2 0.610 25.397 25.665 0.291 0.75 1.06 0.01 1.56 ab
V40  23 51 43.4 24 34 21.5 0.434 25.197 25.449 0.266 0.50 0.71 ... ... c
V41  23 51 43.5 24 34 15.1 0.512 25.145 25.466 0.376 1.12 1.59 0.00 1.51 ab
V42  23 51 44.0 24 34 01.4 0.596 25.235 25.589 0.388 0.82 1.15 0.01 1.70 ab
V43  23 51 43.7 24 33 50.4 0.587 25.334 25.780 0.463 0.65 0.92 0.02 1.42 ab
V45  23 51 43.5 24 34 32.8 0.546 25.340 25.553 0.266 1.09 1.55 0.03 1.72 ab
V46  23 51 43.7 24 34 36.3 0.652 25.307 25.546 0.251 0.49 0.70 0.01 1.61 ab
V47  23 51 46.2 24 34 57.6 0.570 25.272 25.551 0.325 0.97 1.38 0.02 1.73 ab
V48  23 51 45.4 24 34 51.5 0.324 25.342 25.645 0.316 0.48 0.68 ... ... c
V49  23 51 46.2 24 34 59.1 0.545 25.340 25.677 0.411 1.20 1.60 0.03 1.86 ab
V50  23 51 45.5 24 34 56.5 0.614 25.364 25.717 0.363 0.52 0.73 0.03 1.42 ab
V51  23 51 45.8 24 35 00.1 0.607 25.431 25.780 0.381 0.85 1.20 0.03 1.81 ab
V53  23 51 43.3 24 34 42.7 0.585 25.223 25.503 0.302 0.72 1.02 0.01 1.50 ab
V54  23 51 42.5 24 34 42.3 0.518 25.382 25.603 0.257 0.82 1.17 0.05 1.16 ab
V55  23 51 46.2 24 35 09.7 0.586 25.320 25.673 0.381 0.77 1.09 0.00 1.57 ab
V56  23 51 45.0 24 35 03.2 0.556 25.367 25.694 0.368 0.89 1.26 0.00 1.53 ab
V57  23 51 44.0 24 34 56.5 0.573 25.342 25.683 0.369 0.77 1.09 0.01 1.48 ab
V58  23 51 46.0 24 35 12.2 0.654 25.363 25.651 0.301 0.52 0.74 0.00 1.66 ab
V59  23 51 44.7 24 35 06.9 0.636 25.312 25.624 0.325 0.50 0.71 0.02 1.52 ab
V60  23 51 44.2 24 35 05.6 0.590 25.398 25.803 0.433 0.81 1.15 0.01 1.65 ab
V61  23 51 44.2 24 35 12.3 0.527 25.487 25.846 0.394 0.87 1.22 0.03 1.29 ab
V62  23 51 41.7 24 34 56.4 0.644 25.235 25.551 0.343 0.80 1.13 0.04 1.97 ab
V63  23 51 45.6 24 35 25.3 0.651 25.290 25.595 0.342 0.93 1.32 0.07 2.18 ab
V64  23 51 42.6 24 35 07.3 0.541 25.208 25.471 0.280 0.57 0.81 0.07 1.00 ab
V65  23 51 43.2 24 35 15.1 0.412 25.271 25.538 0.276 0.40 0.57 ... ... c
V66  23 51 44.5 24 35 25.8 0.633 25.383 25.708 0.360 0.91 1.24 0.01 1.77 ab
V67  23 51 41.1 24 35 01.4 0.415 25.161 25.523 0.368 0.32 0.45 ... ... c
V68  23 51 44.8 24 35 30.7 0.594 25.103 25.408 0.330 0.72 1.03 0.01 1.55 ab
V69  23 51 43.7 24 35 24.4 0.353 25.239 25.606 0.385 0.56 0.79 ... ... c
V70  23 51 43.2 24 35 21.3 0.529 25.296 25.681 0.442 1.08 1.53 0.01 1.59 ab
V71  23 51 41.3 24 35 10.8 0.546 25.300 25.720 0.451 0.79 1.12 0.03 1.32 ab
V72  23 51 45.3 24 35 40.9 0.578 25.468 25.720 0.274 0.68 0.96 0.03 1.40 ab
V73  23 51 43.9 24 35 35.6 0.660 25.321 25.578 0.269 0.52 0.74 0.00 1.69 ab
V74  23 51 44.6 24 35 43.2 0.562 25.273 25.532 0.328 1.14 1.62 0.01 1.58 ab
V75  23 51 44.3 24 35 45.2 0.599 25.355 25.760 0.434 0.83 1.17 0.02 1.73 ab
V76  23 51 43.5 24 35 39.8 0.528 25.257 25.523 0.298 0.80 1.13 0.04 1.21 ab
V77  23 51 41.0 24 35 22.7 0.569 25.395 25.738 0.364 0.72 1.02 0.03 1.39 ab
V78  23 51 43.6 24 35 42.9 0.480 25.331 25.738 0.450 1.01 1.43 0.05 1.12 ab
V79  23 51 45.0 24 35 52.7 0.639 25.399 25.704 0.313 0.43 0.61 0.03 1.45 ab
V80  23 51 43.7 24 35 44.9 0.381 25.354 25.635 0.295 0.47 0.67 ... ... c
V81  23 51 43.7 24 35 45.3 0.386 25.361 25.628 0.285 0.56 0.79 ... ... c
V82  23 51 43.8 24 35 48.3 0.554 25.372 25.804 0.447 0.60 0.84 0.06 1.13 ab
V85  23 51 45.4 24 35 59.9 0.651 25.243 25.683 0.457 0.64 0.90 0.02 1.80 ab
V86  23 51 47.3 24 35 10.3 0.307 25.254 25.683 0.436 0.36 0.51 ... ... c
V87  23 51 47.8 24 35 01.5 0.599 25.372 25.764 0.417 0.75 1.05 0.00 1.63 ab
V88  23 51 46.4 24 35 55.1 0.621 25.383 25.651 0.282 0.58 0.82 0.01 1.54 ab
V89  23 51 47.9 24 35 17.9 0.627 25.360 25.690 0.351 0.67 0.94 0.01 1.70 ab
V90  23 51 46.9 24 35 44.8 0.415 25.119 25.378 0.282 0.63 0.89 ... ... c
V91  23 51 46.8 24 35 50.0 0.349 25.364 25.601 0.255 0.55 0.78 ... ... c
V92  23 51 46.1 24 36 09.7 0.661 25.364 25.737 0.391 0.58 0.81 0.01 1.78 ab
V94  23 51 47.9 24 35 33.0 0.579 25.292 25.675 0.411 0.75 1.06 0.01 1.50 ab
V95  23 51 47.5 24 35 43.7 0.548 25.284 25.629 0.389 0.93 1.31 0.05 1.52 ab
V96  23 51 48.7 24 35 22.7 0.674 25.204 25.634 0.445 0.56 0.79 0.02 1.83 ab
V97  23 51 48.3 24 35 37.8 0.614 25.371 25.658 0.326 0.96 1.37 0.05 2.01 ab
V98  23 51 48.6 24 35 31.8 0.563 25.344 25.710 0.385 0.67 0.95 0.04 1.28 ab
V99  23 51 48.1 24 35 46.0 0.608 25.358 25.774 0.443 0.80 1.13 0.02 1.75 ab
V100  23 51 48.3 24 35 40.6 0.666 25.215 25.588 0.386 0.54 0.77 0.01 1.75 ab
V101  23 51 49.2 24 35 23.0 0.595 25.292 25.675 0.402 0.62 0.88 0.02 1.43 ab
V102  23 51 47.8 24 36 03.7 0.621 25.371 25.755 0.401 0.63 0.88 0.01 1.61 ab
V104  23 51 47.6 24 36 16.2 0.524 25.299 25.635 0.373 0.87 1.24 0.03 1.27 ab
V105  23 51 47.7 24 36 15.6 0.524 25.141 25.415 0.322 0.95 1.35 0.02 1.38 ab
V106  23 51 49.9 24 35 26.0 0.544 25.312 25.745 0.469 0.88 1.24 0.02 1.43 ab
V107  23 51 50.1 24 35 22.2 0.590 25.457 25.752 0.335 0.88 1.25 0.02 1.74 ab
V108  23 51 48.1 24 36 19.4 0.572 25.339 25.714 0.403 0.74 1.05 0.02 1.44 ab
V109  23 51 49.6 24 35 42.9 0.406 25.237 25.623 0.396 0.42 0.59 ... ... c
V110  23 51 49.1 24 36 04.1 0.636 25.313 25.715 0.414 0.51 0.73 0.01 1.54 ab
V111  23 51 49.4 24 36 02.6 0.698 25.284 25.592 0.319 0.51 0.72 0.02 1.90 ab
V112  23 51 50.5 24 35 36.8 0.597 25.276 25.655 0.405 0.80 1.13 0.01 1.68 ab
V113  23 51 49.1 24 36 17.6 0.509 25.374 25.792 0.454 0.90 1.27 0.04 1.20 ab
V114  23 51 49.7 24 36 03.7 0.619 25.207 25.523 0.343 0.73 1.03 0.01 1.73 ab
V115  23 51 49.9 24 36 05.7 0.572 25.360 25.719 0.377 0.67 0.94 0.03 1.34 ab
V116  23 51 50.6 24 35 53.7 0.583 25.209 25.490 0.312 0.85 1.20 0.01 1.65 ab
V117  23 51 51.5 24 35 45.5 0.366 25.226 25.631 0.417 0.65 0.46 ... ... c
V118  23 51 50.6 24 36 09.5 0.511 25.203 25.476 0.293 0.71 1.00 0.07 0.96 ab
