V001    0 38 56.940 +48 26 43.65 0.654 24.333 0.194 23.643 0.178 0.691 AC?
V002    0 38 57.133 +48 26 36.95 0.318 25.283 0.432 24.807 0.265 0.476 RRc
V003    0 38 57.404 +48 26 33.20 0.264 25.356 0.346 24.888 0.212 0.468 RRc
V004    0 38 57.427 +48 26 35.84 0.351 25.176 0.383 24.622 0.278 0.554 RRc
V005    0 38 57.447 +48 26 32.04 0.643 25.094 0.754 24.464 0.540 0.630 RRab
V006    0 38 57.481 +48 26 30.24 0.260 25.210 0.229 24.682 0.000 0.528 RRc
V007    0 38 57.814 +48 26 56.85 0.282 25.208 0.386 24.782 0.245 0.426 RRc
V008    0 38 57.853 +48 26 45.15 0.310 25.189 0.393 24.743 0.310 0.446 RRc
V009    0 38 57.998 +48 26 40.69 0.476 25.207 1.205 24.711 0.794 0.497 RRab
V010    0 38 58.436 +48 26 33.67 0.489 25.161 0.883 24.663 0.579 0.499 RRab
V011    0 38 58.496 +48 26 35.61 0.404 24.994 0.469 24.502 0.189 0.492 RRc
V012    0 38 58.552 +48 26 12.55 0.335 25.167 0.458 24.674 0.312 0.493 RRc
V013    0 38 58.563 +48 26 34.78 0.585 25.158 0.899 24.597 0.579 0.562 RRab
V014    0 38 58.583 +48 26 29.28 0.491 25.228 0.735 24.685 0.488 0.543 RRab
V015    0 38 58.713 +48 26 30.81 0.505 25.242 1.011 24.726 0.716 0.516 RRab
V016    0 38 58.872 +48 26 43.61 0.410 25.012 0.374 24.472 0.298 0.540 RRc
V017    0 38 59.071 +48 26 55.79 0.344 25.053 0.530 24.528 0.384 0.525 RRc
V018    0 38 59.081 +48 26 27.24 0.756 25.082 0.307 24.424 0.205 0.658 RRab
V019    0 38 59.101 +48 26 18.38 0.515 25.437 0.646 24.753 0.596 0.684 RRab
V020    0 38 59.188 +48 26 50.36 0.462 25.310 0.995 24.763 0.789 0.547 RRab
V021    0 38 59.235 +48 26 54.59 0.325 25.210 0.415 24.755 0.277 0.455 RRc
V022    0 38 59.515 +48 26 13.54 0.688 25.124 0.680 24.487 0.436 0.636 RRab
V023    0 38 59.519 +48 26 47.68 0.349 25.211 0.318 24.677 0.269 0.533 RRc
V024    0 38 59.570 +48 26 14.14 0.646 25.239 0.320 24.583 0.232 0.656 RRab
V025    0 38 59.629 +48 26 52.61 0.607 25.221 0.508 24.605 0.348 0.616 RRab
V026    0 38 59.756 +48 25 54.44 0.519 25.186 1.321 24.712 0.616 0.474 RRab
V027    0 38 59.836 +48 26 52.22 0.344 25.107 0.353 24.609 0.228 0.498 RRc
V028    0 39 00.269 +48 27 14.42 0.354 25.159 0.384 24.660 0.266 0.499 RRc
V029    0 39 00.309 +48 26 02.65 0.464 25.328 1.038 24.800 0.519 0.528 RRab
V030    0 39 00.343 +48 25 53.96 0.552 25.315 0.876 24.711 0.543 0.604 RRab
V031    0 39 00.427 +48 26 47.34 0.582 25.323 0.394 24.641 0.424 0.681 RRab
V032    0 39 00.439 +48 26 05.86 0.354 25.199 0.412 24.674 0.245 0.525 RRc
V033    0 39 00.477 +48 27 03.99 0.268 25.222 0.437 24.798 0.249 0.424 RRc
V034    0 39 00.597 +48 26 37.11 0.499 24.676 1.321 24.181 0.814 0.495 RRab
V035    0 39 00.608 +48 26 50.31 0.651 25.135 0.266 24.513 0.136 0.622 RRab
V036    0 39 00.628 +48 25 44.95 0.336 25.100 0.483 24.595 0.323 0.505 RRc
V037    0 39 00.668 +48 27 01.23 0.592 24.988 1.128 24.456 0.726 0.532 RRab
V038    0 39 00.830 +48 27 18.86 0.346 25.192 0.390 24.711 0.303 0.481 RRc
V039    0 39 00.833 +48 26 25.84 0.553 25.183 0.954 24.640 0.538 0.543 RRab
V040    0 39 00.866 +48 26 21.55 0.582 25.238 0.745 24.628 0.523 0.611 RRab
V041    0 39 00.904 +48 26 12.83 0.323 25.110 0.242 24.653 0.162 0.457 RRc
V042    0 39 00.951 +48 26 22.34 0.342 25.214 0.401 24.714 0.281 0.500 RRc
V043    0 39 01.091 +48 26 58.95 0.450 25.279 1.110 24.763 0.775 0.516 RRab
V044    0 39 01.239 +48 26 51.98 0.481 25.226 1.068 24.732 0.784 0.493 RRab
V045    0 39 01.370 +48 25 41.14 1.065 25.008 0.105 24.412 0.184 0.596 RRab
V046    0 39 01.484 +48 25 27.36 0.598 25.131 0.658 24.551 0.403 0.580 RRab
V047    0 39 01.498 +48 25 32.35 0.262 25.291 0.205 24.859 0.154 0.433 RRc
V048    0 39 01.541 +48 26 47.51 0.329 24.927 0.314 24.502 0.206 0.425 RRc
V049    0 39 01.674 +48 26 27.99 0.622 25.215 0.219 24.601 0.177 0.614 RRab
V050    0 39 01.770 +48 26 05.38 0.327 25.241 0.428 24.691 0.288 0.551 RRc
V051    0 39 01.842 +48 26 59.29 0.330 25.050 0.283 24.722 0.258 0.328 RRc
V052    0 39 01.896 +48 26 37.44 0.349 25.039 0.370 24.523 0.250 0.516 RRc
V053    0 39 01.926 +48 25 51.29 0.505 25.180 0.737 24.638 0.392 0.542 RRab
V054    0 39 01.952 +48 26 16.01 0.362 25.024 0.504 24.546 0.303 0.478 RRc
V055    0 39 01.968 +48 27 12.03 0.363 25.078 0.358 24.588 0.248 0.491 RRc
V056    0 39 02.111 +48 27 27.03 0.275 25.224 0.370 24.826 0.252 0.398 RRc
V057    0 39 02.119 +48 25 28.52 0.752 25.057 0.362 24.383 0.290 0.675 RRab
V058    0 39 02.149 +48 25 42.32 0.504 25.230 0.432 24.670 0.270 0.560 RRab
V059    0 39 02.193 +48 25 29.14 0.346 25.300 0.363 24.684 0.236 0.616 RRd
V060    0 39 02.206 +48 27 04.85 0.663 25.092 0.481 24.509 0.349 0.582 RRab
V061    0 39 02.496 +48 25 47.71 0.471 25.315 0.844 24.762 0.620 0.553 RRab
V062    0 39 02.579 +48 26 11.04 0.277 25.177 0.202 24.745 0.135 0.432 RRc
V063    0 39 02.623 +48 27 32.99 0.506 25.160 1.163 24.665 0.712 0.494 RRab
V064    0 39 02.640 +48 26 10.40 0.489 25.272 1.140 24.755 0.799 0.517 RRab
V065    0 39 02.644 +48 25 41.50 0.592 25.267 0.655 24.657 0.395 0.610 RRab
V066    0 39 02.672 +48 27 20.91 0.350 25.145 0.410 24.651 0.273 0.494 RRc
V067    0 39 02.693 +48 26 43.90 0.271 25.203 0.466 24.789 0.256 0.414 RRc
V068    0 39 02.695 +48 26 17.33 0.327 25.292 0.360 24.776 0.226 0.516 RRc
V069    0 39 02.717 +48 26 11.04 0.603 25.260 0.641 24.666 0.408 0.594 RRab
V070    0 39 02.717 +48 26 35.90 0.499 25.221 1.079 24.684 0.709 0.537 RRab
V071    0 39 02.825 +48 27 23.27 0.644 25.178 0.352 24.544 0.306 0.633 RRab
V072    0 39 02.906 +48 26 18.15 0.491 25.244 0.771 24.727 0.449 0.517 RRab
V073    0 39 02.970 +48 25 45.28 0.349 25.201 0.332 24.654 0.246 0.547 RRc
V074    0 39 03.060 +48 26 39.57 0.583 25.209 0.588 24.648 0.454 0.561 RRab
V075    0 39 03.068 +48 25 35.24 0.538 25.234 0.922 24.677 0.623 0.558 RRab
V076    0 39 03.187 +48 25 03.40 0.495 25.424 0.528 24.729 0.704 0.695 RRab
V077    0 39 03.202 +48 26 10.59 0.536 25.286 0.896 24.671 0.628 0.615 RRab
V078    0 39 03.214 +48 27 15.64 0.728 24.973 0.530 24.377 0.343 0.595 RRab
V079    0 39 03.216 +48 26 16.56 0.356 25.112 0.361 24.613 0.221 0.499 RRc
V080    0 39 03.241 +48 27 01.93 0.281 25.222 0.470 24.790 0.340 0.432 RRc
V081    0 39 03.315 +48 26 04.77 0.589 25.119 0.880 24.578 0.563 0.540 RRab
V082    0 39 03.345 +48 25 38.01 0.667 25.066 0.719 24.390 0.652 0.676 RRab
V083    0 39 03.353 +48 26 24.52 0.425 25.007 0.415 24.460 0.313 0.547 RRc
V084    0 39 03.371 +48 25 29.49 0.569 25.146 1.039 24.609 0.648 0.537 RRab
V085    0 39 03.496 +48 26 15.29 0.285 25.188 0.261 24.755 0.144 0.432 RRc
V086    0 39 03.566 +48 26 44.64 0.710 25.100 0.392 24.437 0.320 0.663 RRab
V087    0 39 03.570 +48 25 35.11 0.523 25.154 0.791 24.610 0.643 0.544 RRab
V088    0 39 03.609 +48 25 55.12 0.573 25.214 0.818 24.601 0.521 0.613 RRab
V089    0 39 03.627 +48 26 38.99 0.639 24.937 0.948 24.390 0.617 0.547 RRab
V090    0 39 03.637 +48 25 57.40 0.273 25.353 0.438 24.845 0.272 0.508 RRc
V091    0 39 03.653 +48 26 07.06 0.774 25.003 0.353 24.337 0.250 0.666 RRab
V092    0 39 03.682 +48 27 23.44 0.577 25.094 0.928 24.613 0.456 0.481 RRab
V093    0 39 03.724 +48 25 37.85 0.559 25.204 0.820 24.658 0.479 0.546 RRab
V094    0 39 03.738 +48 27 17.73 0.636 25.108 0.487 24.523 0.344 0.584 RRab
V095    0 39 03.744 +48 27 39.87 0.397 24.907 0.419 24.453 0.394 0.455 RRc
V096    0 39 03.785 +48 25 33.61 0.313 25.262 0.390 24.774 0.259 0.488 RRc
V097    0 39 03.798 +48 26 46.18 0.333 25.231 0.331 24.744 0.265 0.486 RRc
V098    0 39 03.867 +48 25 33.84 0.501 25.166 1.072 24.642 0.800 0.524 RRab
V099    0 39 03.869 +48 26 58.85 0.262 25.261 0.358 24.872 0.312 0.389 RRc
V100    0 39 03.878 +48 26 59.24 0.600 25.249 0.454 24.661 0.272 0.587 RRab
V101    0 39 03.914 +48 25 01.24 0.333 25.218 0.438 24.684 0.262 0.534 RRc
V102    0 39 03.961 +48 27 21.23 0.348 25.144 0.367 24.680 0.276 0.464 RRc
V103    0 39 03.969 +48 25 26.91 0.467 25.263 1.158 24.758 0.786 0.505 RRab
V104    0 39 03.977 +48 25 57.42 0.693 25.019 0.420 24.328 0.328 0.691 RRab
V105    0 39 04.030 +48 26 06.32 0.633 25.187 0.257 24.590 0.215 0.597 RRab
V106    0 39 04.112 +48 26 54.97 0.485 25.247 0.760 24.667 0.571 0.580 RRab
V107    0 39 04.173 +48 25 06.25 0.595 25.251 0.597 24.671 0.267 0.580 RRab
V108    0 39 04.187 +48 24 55.75 0.790 24.933 0.389 24.303 0.318 0.631 RRab
V109    0 39 04.193 +48 27 40.45 0.297 25.111 0.378 24.708 0.221 0.403 RRc
V110    0 39 04.217 +48 25 55.17 0.531 25.312 0.812 24.716 0.554 0.597 RRab
V111    0 39 04.279 +48 25 40.07 0.588 25.097 0.884 24.521 0.688 0.576 RRab
V112    0 39 04.321 +48 24 59.55 0.510 25.273 0.995 24.690 0.718 0.583 RRab
V113    0 39 04.370 +48 25 26.42 0.365 25.039 0.497 24.545 0.272 0.494 RRc
V114    0 39 04.385 +48 26 47.57 0.335 25.177 0.453 24.678 0.255 0.499 RRc
V115    0 39 04.395 +48 24 45.39 0.530 25.059 0.999 24.533 0.539 0.526 RRab
V116    0 39 04.399 +48 26 00.82 0.604 25.070 1.012 24.532 0.682 0.538 RRab
V117    0 39 04.422 +48 27 35.42 0.270 25.173 0.145 24.783 0.186 0.390 RRc
V118    0 39 04.433 +48 26 43.10 0.478 25.167 0.811 24.651 0.590 0.515 RRab
V119    0 39 04.455 +48 25 16.43 0.543 25.244 0.900 24.661 0.545 0.583 RRab
V120    0 39 04.459 +48 26 30.21 0.269 25.216 0.164 24.798 0.186 0.418 RRc
V121    0 39 04.470 +48 26 05.58 0.518 25.247 0.945 24.708 0.689 0.539 RRab
V122    0 39 04.479 +48 25 41.63 0.582 25.075 0.992 24.526 0.707 0.549 RRab
V123    0 39 04.482 +48 25 44.87 0.548 25.142 0.964 24.628 0.769 0.513 RRab
V124    0 39 04.509 +48 24 48.89 0.303 25.258 0.511 24.793 0.295 0.464 RRc
V125    0 39 04.518 +48 27 17.51 0.581 25.013 1.099 24.507 0.635 0.506 RRab
V126    0 39 04.542 +48 25 34.55 0.505 25.183 1.232 24.695 0.832 0.488 RRab
V127    0 39 04.572 +48 24 42.79 0.580 25.260 0.773 24.659 0.451 0.601 RRab
V128    0 39 04.585 +48 24 48.48 0.264 25.229 0.328 24.824 0.179 0.405 RRc
V129    0 39 04.592 +48 26 03.03 0.337 25.138 0.383 24.634 0.280 0.504 RRc
V130    0 39 04.594 +48 24 48.96 0.327 25.264 0.394 24.793 0.260 0.471 RRc
V131    0 39 04.609 +48 25 45.92 0.653 25.147 0.289 24.547 0.191 0.600 RRab
V132    0 39 04.628 +48 26 32.10 0.604 25.180 0.587 24.589 0.402 0.592 RRab
V133    0 39 04.639 +48 25 43.90 0.611 25.077 0.981 24.492 0.652 0.585 RRab
V134    0 39 04.657 +48 27 49.34 0.582 25.165 0.674 24.583 0.686 0.581 RRab
V135    0 39 04.669 +48 25 11.11 0.278 25.261 0.476 24.791 0.296 0.470 RRc
V136    0 39 04.681 +48 25 56.82 0.726 24.966 0.623 24.323 0.357 0.643 RRab
V137    0 39 04.720 +48 25 01.83 0.507 25.188 1.009 24.657 0.761 0.531 RRab
V138    0 39 04.738 +48 24 44.51 0.650 25.235 0.240 24.595 0.204 0.640 RRab
V139    0 39 04.739 +48 26 38.47 0.459 25.230 1.178 24.738 0.731 0.492 RRab
V140    0 39 04.751 +48 25 05.22 0.340 25.245 0.345 24.749 0.230 0.496 RRc
V141    0 39 04.761 +48 25 01.19 0.265 25.359 0.186 24.946 0.132 0.413 RRc
V142    0 39 04.814 +48 25 48.96 0.513 25.325 0.708 24.670 0.573 0.655 RRab
V143    0 39 04.848 +48 24 40.33 0.469 25.291 1.299 24.800 0.775 0.491 RRab
V144    0 39 04.858 +48 25 59.14 0.325 25.183 0.401 24.720 0.320 0.463 RRc
V145    0 39 04.858 +48 24 40.88 0.501 25.212 0.968 24.719 0.592 0.493 RRab
V146    0 39 04.898 +48 25 30.40 0.600 25.012 0.833 24.459 0.597 0.553 RRab
V147    0 39 04.913 +48 27 27.81 0.534 25.091 0.968 24.606 0.428 0.485 RRab
V148    0 39 04.928 +48 27 11.75 0.601 25.175 0.509 24.574 0.315 0.602 RRab
V149    0 39 04.933 +48 27 35.97 0.337 25.154 0.361 24.684 0.266 0.469 RRc
V150    0 39 04.937 +48 26 07.26 0.331 25.171 0.362 24.692 0.257 0.479 RRc
V151    0 39 04.939 +48 25 48.13 0.318 25.272 0.408 24.763 0.270 0.509 RRc
V152    0 39 04.941 +48 27 25.31 0.311 25.158 0.502 24.734 0.295 0.424 RRc
V153    0 39 05.016 +48 25 52.84 0.680 24.952 0.656 24.293 0.557 0.659 RRab
V154    0 39 05.018 +48 26 13.09 0.536 25.254 0.923 24.704 0.588 0.550 RRab
V155    0 39 05.021 +48 24 59.69 0.662 25.138 0.454 24.529 0.275 0.609 RRab
V156    0 39 05.039 +48 25 11.83 0.553 25.187 0.642 24.595 0.424 0.592 RRab
V157    0 39 05.063 +48 25 31.07 0.642 24.340 0.287 23.665 0.147 0.674 AC?
V158    0 39 05.077 +48 24 49.01 0.497 25.220 1.189 24.692 0.733 0.528 RRab
V159    0 39 05.135 +48 25 35.21 0.469 25.236 0.764 24.744 0.738 0.492 RRab
V160    0 39 05.142 +48 24 55.73 0.477 25.209 1.245 24.682 0.841 0.527 RRab
V161    0 39 05.153 +48 24 59.48 0.519 25.183 1.036 24.643 0.664 0.540 RRab
V162    0 39 05.154 +48 26 49.55 0.282 25.127 0.252 24.736 0.160 0.392 RRc
V163    0 39 05.202 +48 25 28.68 0.582 25.161 0.701 24.564 0.530 0.598 RRab
V164    0 39 05.231 +48 25 45.74 0.528 25.176 1.120 24.664 0.646 0.512 RRab
V165    0 39 05.244 +48 25 50.56 0.349 25.143 0.429 24.640 0.247 0.503 RRc
V166    0 39 05.247 +48 25 48.96 0.398 25.034 0.470 24.490 0.287 0.544 RRc
V167    0 39 05.276 +48 25 00.69 0.631 25.208 0.636 24.577 0.391 0.631 RRab
V168    0 39 05.336 +48 26 51.28 0.470 25.172 0.833 24.671 0.693 0.501 RRab
V169    0 39 05.361 +48 25 56.11 0.500 25.377 0.379 24.666 0.560 0.711 RRab
V170    0 39 05.370 +48 26 07.75 0.280 25.243 0.326 24.806 0.115 0.437 RRc
V171    0 39 05.385 +48 25 34.14 0.723 25.064 0.384 24.459 0.184 0.605 RRab
V172    0 39 05.412 +48 26 12.49 0.561 25.196 0.406 24.629 0.243 0.567 RRab
V173    0 39 05.419 +48 25 47.06 0.469 25.305 0.894 24.775 0.702 0.531 RRab
V174    0 39 05.452 +48 25 53.08 0.708 24.947 0.564 24.311 0.339 0.636 RRab
V175    0 39 05.488 +48 27 43.92 0.324 25.224 0.331 24.758 0.224 0.466 RRc
V176    0 39 05.543 +48 26 41.03 0.502 25.244 0.644 24.663 0.421 0.581 RRab
V177    0 39 05.611 +48 26 30.11 0.461 25.227 1.432 24.699 0.959 0.528 RRab
V178    0 39 05.619 +48 26 37.54 0.592 24.606 0.385 23.910 0.210 0.696 RRab
V179    0 39 05.657 +48 26 20.67 0.731 24.926 0.360 24.260 0.207 0.666 RRab
V180    0 39 05.713 +48 27 06.00 0.285 25.161 0.408 24.773 0.314 0.388 RRc
V181    0 39 05.750 +48 24 59.65 0.521 25.218 0.554 24.660 0.340 0.558 RRab
V182    0 39 05.781 +48 24 27.69 0.326 25.326 0.383 24.820 0.252 0.506 RRc
V183    0 39 05.784 +48 24 51.13 0.626 25.084 0.566 24.509 0.439 0.575 RRab
V184    0 39 05.817 +48 24 46.17 0.285 25.182 0.457 24.750 0.256 0.432 RRc
V185    0 39 05.826 +48 26 26.87 0.671 25.081 0.297 24.469 0.215 0.611 RRab
V186    0 39 05.835 +48 24 36.86 0.323 25.350 0.387 24.851 0.257 0.498 RRc
V187    0 39 05.837 +48 26 56.33 0.289 25.133 0.478 24.720 0.321 0.414 RRc
V188    0 39 05.865 +48 25 45.32 0.313 25.321 0.457 24.798 0.255 0.522 RRc
V189    0 39 05.886 +48 26 55.30 0.290 25.077 0.185 24.659 0.145 0.419 RRc
V190    0 39 05.950 +48 27 49.82 0.266 25.324 0.471 24.890 0.302 0.434 RRc
V191    0 39 05.995 +48 24 34.48 0.337 25.281 0.328 24.799 0.253 0.482 RRc
V192    0 39 06.021 +48 26 39.45 0.639 25.076 0.575 24.499 0.429 0.576 RRab
V193    0 39 06.022 +48 24 30.41 0.488 25.168 1.331 24.708 0.764 0.460 RRab
V194    0 39 06.028 +48 24 35.86 0.631 25.075 0.955 24.504 0.639 0.572 RRab
V195    0 39 06.091 +48 25 48.57 0.625 25.201 0.673 24.613 0.427 0.588 RRab
V196    0 39 06.096 +48 24 28.76 0.623 25.239 0.482 24.604 0.265 0.635 RRab
V197    0 39 06.104 +48 24 59.75 0.626 25.034 0.894 24.455 0.644 0.579 RRab
V198    0 39 06.173 +48 25 18.71 0.456 25.311 1.107 24.798 0.787 0.513 RRab
V199    0 39 06.180 +48 27 59.97 0.657 24.962 0.882 24.445 0.605 0.517 RRab
V200    0 39 06.217 +48 24 56.49 0.626 25.180 0.296 24.604 0.169 0.576 RRab
V201    0 39 06.231 +48 24 27.15 0.485 25.205 1.209 24.778 0.723 0.428 RRab
V202    0 39 06.243 +48 28 09.65 0.359 25.047 0.227 24.545 0.199 0.502 RRc
V203    0 39 06.253 +48 25 15.38 0.221 25.215 0.091 24.859 0.063 0.355 RRc
V204    0 39 06.287 +48 24 42.53 0.593 25.270 0.458 24.624 0.324 0.646 RRab
V205    0 39 06.294 +48 24 49.49 0.616 25.216 0.556 24.622 0.348 0.594 RRab
V206    0 39 06.333 +48 24 21.72 0.320 25.312 0.479 24.826 0.245 0.486 RRc
V207    0 39 06.354 +48 24 31.44 0.522 25.235 1.002 24.757 0.513 0.478 RRab
V208    0 39 06.375 +48 26 22.56 0.290 25.227 0.438 24.783 0.302 0.444 RRc
V209    0 39 06.409 +48 28 10.28 0.308 25.219 0.138 24.692 0.120 0.527 RRc
V210    0 39 06.422 +48 24 16.94 0.532 25.233 0.704 24.623 0.356 0.610 RRab
V211    0 39 06.508 +48 26 18.70 0.476 25.221 1.229 24.711 0.746 0.510 RRab
V212    0 39 06.525 +48 24 18.79 0.556 25.307 0.813 24.724 0.581 0.583 RRab
V213    0 39 06.534 +48 24 26.29 0.566 25.218 0.572 24.644 0.335 0.574 RRab
V214    0 39 06.550 +48 24 17.44 0.551 25.070 0.937 24.530 0.523 0.540 RRab
V215    0 39 06.550 +48 24 49.65 0.499 25.214 1.070 24.691 0.856 0.523 RRab
V216    0 39 06.609 +48 24 15.47 0.695 25.178 0.426 24.549 0.279 0.629 RRab
V217    0 39 06.643 +48 27 56.75 0.571 25.122 1.033 24.602 0.592 0.520 RRab
V218    0 39 06.692 +48 26 53.80 0.511 25.098 0.652 24.599 0.453 0.498 RRab
V219    0 39 06.730 +48 26 43.05 0.515 25.179 0.932 24.646 0.598 0.533 RRab
V220    0 39 06.749 +48 27 56.67 0.736 24.884 0.496 24.306 0.379 0.578 RRab
V221    0 39 06.752 +48 26 05.08 0.272 25.218 0.164 24.779 0.116 0.439 RRc
V222    0 39 06.778 +48 26 30.06 0.681 24.977 0.660 24.406 0.470 0.571 RRab
V223    0 39 06.860 +48 25 08.34 0.453 25.210 0.945 24.736 0.559 0.474 RRab
V224    0 39 06.866 +48 24 17.40 0.611 25.304 0.427 24.639 0.432 0.665 RRab
V225    0 39 06.901 +48 25 26.06 0.338 25.192 0.315 24.728 0.258 0.464 RRc
V226    0 39 06.913 +48 24 09.16 0.628 25.202 0.703 24.624 0.472 0.578 RRab
V227    0 39 06.928 +48 27 22.07 0.719 25.007 0.440 24.430 0.268 0.578 RRab
V228    0 39 06.930 +48 24 39.12 0.262 25.261 0.254 24.831 0.179 0.430 RRc
V229    0 39 06.949 +48 26 53.76 0.691 24.924 0.740 24.370 0.591 0.554 RRab
V230    0 39 06.949 +48 24 51.47 0.315 25.175 0.440 24.678 0.268 0.497 RRc
V231    0 39 07.008 +48 25 09.86 0.443 25.333 0.396 24.727 0.270 0.606 RRc
V232    0 39 07.008 +48 24 29.92 0.572 25.221 0.740 24.629 0.590 0.591 RRab
V233    0 39 07.032 +48 24 47.68 0.320 25.172 0.466 24.715 0.333 0.457 RRc
V234    0 39 07.057 +48 25 14.46 0.268 25.261 0.250 24.853 0.217 0.409 RRc
V235    0 39 07.058 +48 25 12.70 0.281 25.259 0.455 24.837 0.343 0.423 RRc
V236    0 39 07.063 +48 27 15.76 0.550 25.178 0.697 24.611 0.481 0.567 RRab
V237    0 39 07.073 +48 25 28.67 0.672 25.084 0.722 24.492 0.452 0.592 RRab
V238    0 39 07.077 +48 24 21.60 0.476 25.268 0.972 24.756 0.746 0.512 RRab
V239    0 39 07.077 +48 25 42.21 0.468 25.251 1.015 24.708 0.599 0.543 RRab
V240    0 39 07.080 +48 26 40.98 0.358 24.988 0.330 24.475 0.241 0.513 RRc
V241    0 39 07.104 +48 25 17.97 0.334 25.273 0.303 24.751 0.263 0.523 RRc
V242    0 39 07.115 +48 25 52.49 0.488 25.132 1.349 24.709 0.547 0.423 RRab
V243    0 39 07.127 +48 28 01.60 0.374 25.024 0.422 24.500 0.277 0.524 RRc
V244    0 39 07.147 +48 25 19.75 0.324 25.248 0.324 24.760 0.237 0.488 RRc
V245    0 39 07.158 +48 25 58.80 0.347 25.166 0.398 24.699 0.229 0.467 RRc
V246    0 39 07.177 +48 25 37.93 0.463 25.296 1.135 24.754 0.756 0.542 RRab
V247    0 39 07.231 +48 24 19.28 0.483 24.930 0.331 24.380 0.221 0.550 RRab
V248    0 39 07.264 +48 25 36.40 0.593 25.162 0.613 24.563 0.401 0.599 RRab
V249    0 39 07.286 +48 26 43.41 0.324 25.091 0.406 24.641 0.311 0.451 RRc
V250    0 39 07.288 +48 28 01.85 0.596 25.113 0.807 24.563 0.480 0.549 RRab
V251    0 39 07.344 +48 24 51.63 0.338 25.234 0.363 24.714 0.293 0.520 RRc
V252    0 39 07.346 +48 24 04.32 0.340 25.328 0.416 24.836 0.271 0.492 RRc
V253    0 39 07.388 +48 26 54.88 0.493 25.096 1.188 24.692 0.742 0.404 RRab
V254    0 39 07.398 +48 24 49.05 0.563 25.077 1.050 24.523 0.670 0.554 RRab
V255    0 39 07.433 +48 24 53.10 0.322 25.183 0.401 24.647 0.278 0.537 RRc
V256    0 39 07.437 +48 25 54.17 0.533 25.254 0.902 24.684 0.699 0.570 RRab
V257    0 39 07.454 +48 24 54.65 0.345 25.191 0.382 24.659 0.237 0.532 RRc
V258    0 39 07.495 +48 25 35.40 0.461 25.232 0.837 24.737 0.718 0.495 RRab
V259    0 39 07.502 +48 26 57.64 0.358 24.935 0.413 24.487 0.209 0.449 RRc
V260    0 39 07.529 +48 25 14.83 0.715 25.118 0.442 24.483 0.294 0.635 RRab
V261    0 39 07.531 +48 24 11.12 0.737 25.050 0.438 24.394 0.237 0.656 RRab
V262    0 39 07.534 +48 25 20.79 0.675 24.991 0.840 24.431 0.513 0.559 RRab
V263    0 39 07.542 +48 27 36.06 0.616 25.010 0.986 24.510 0.522 0.500 RRab
V264    0 39 07.554 +48 26 13.59 0.344 25.227 0.432 24.735 0.260 0.492 RRc
V265    0 39 07.587 +48 24 34.35 0.616 25.260 0.428 24.652 0.317 0.607 RRab
V266    0 39 07.595 +48 27 07.64 0.326 25.182 0.341 24.747 0.259 0.435 RRc
V267    0 39 07.644 +48 25 17.21 0.487 25.181 1.107 24.675 0.830 0.506 RRab
V268    0 39 07.652 +48 24 21.69 0.763 25.074 0.250 24.479 0.205 0.595 RRab
V269    0 39 07.658 +48 24 51.93 0.335 25.213 0.307 24.734 0.276 0.479 RRc
V270    0 39 07.681 +48 24 59.43 0.485 24.724 0.846 24.085 0.636 0.640 RRab
V271    0 39 07.687 +48 25 39.08 0.279 25.206 0.481 24.756 0.275 0.450 RRc
V272    0 39 07.689 +48 24 18.36 0.342 25.200 0.469 24.697 0.291 0.502 RRc
V273    0 39 07.704 +48 24 58.33 0.458 25.294 0.856 24.722 0.693 0.572 RRab
V274    0 39 07.727 +48 24 08.82 0.297 25.278 0.509 24.823 0.313 0.455 RRc
V275    0 39 07.729 +48 28 07.45 0.536 25.143 0.880 24.657 0.642 0.486 RRab
V276    0 39 07.793 +48 24 19.77 0.486 25.157 1.273 24.642 0.729 0.515 RRab
V277    0 39 07.849 +48 26 32.30 0.515 25.160 1.022 24.643 0.721 0.517 RRab
V278    0 39 07.879 +48 25 03.63 0.313 25.032 0.360 24.577 0.250 0.455 RRc
V279    0 39 07.919 +48 24 36.45 0.652 25.036 0.804 24.454 0.515 0.582 RRab
V280    0 39 07.923 +48 24 36.65 0.261 25.189 0.138 24.739 0.191 0.450 RRc
V281    0 39 07.964 +48 27 10.17 0.648 25.089 0.536 24.517 0.300 0.572 RRab
V282    0 39 07.978 +48 24 13.93 0.553 25.212 1.123 24.707 0.610 0.505 RRab
V283    0 39 08.027 +48 26 42.74 0.558 25.150 0.876 24.626 0.567 0.524 RRab
V284    0 39 08.113 +48 28 21.28 0.569 25.138 1.065 24.598 0.682 0.540 RRab
V285    0 39 08.121 +48 24 48.66 0.481 25.102 1.205 24.589 0.765 0.513 RRab
V286    0 39 08.144 +48 24 59.84 0.577 25.318 0.640 24.682 0.472 0.636 RRab
V287    0 39 08.172 +48 24 34.46 0.579 25.063 0.682 24.483 0.498 0.580 RRab
V288    0 39 08.228 +48 25 20.96 0.467 25.244 1.102 24.733 0.802 0.510 RRab
V289    0 39 08.230 +48 24 23.87 0.682 25.134 0.469 24.521 0.331 0.614 RRab
V290    0 39 08.235 +48 26 39.44 0.302 25.668 0.482 25.289 0.306 0.379 RRc
V291    0 39 08.237 +48 27 55.92 0.651 25.188 0.257 24.585 0.190 0.603 RRab
V292    0 39 08.254 +48 26 20.98 0.700 25.139 0.171 24.433 0.145 0.706 RRab
V293    0 39 08.309 +48 24 33.17 0.518 25.252 0.965 24.710 0.633 0.541 RRab
V294    0 39 08.322 +48 27 13.03 0.706 24.964 0.613 24.359 0.400 0.605 RRab
V295    0 39 08.399 +48 27 20.33 0.551 25.191 0.738 24.601 0.589 0.590 RRab
V296    0 39 08.418 +48 25 39.50 0.513 25.274 0.798 24.682 0.705 0.592 RRab
V297    0 39 08.429 +48 24 09.79 0.535 25.301 1.039 24.742 0.702 0.559 RRab
V298    0 39 08.433 +48 24 10.05 0.273 25.276 0.372 24.860 0.232 0.416 RRc
V299    0 39 08.480 +48 24 50.21 0.681 25.006 0.664 24.400 0.450 0.606 RRab
V300    0 39 08.490 +48 25 06.78 0.344 25.219 0.319 24.732 0.249 0.487 RRc
V301    0 39 08.508 +48 25 19.93 0.365 25.071 0.424 24.518 0.348 0.554 RRc
V302    0 39 08.544 +48 24 41.21 0.490 25.288 1.077 24.794 0.683 0.494 RRab
V303    0 39 08.552 +48 24 46.48 0.615 25.074 0.830 24.586 0.293 0.488 RRab
V304    0 39 08.591 +48 24 22.64 0.451 25.226 1.247 24.736 0.713 0.490 RRab
V305    0 39 08.617 +48 26 53.18 0.503 25.078 1.286 24.677 0.736 0.401 RRab
V306    0 39 08.651 +48 25 53.26 0.597 25.195 0.731 24.603 0.477 0.592 RRab
V307    0 39 08.671 +48 26 35.15 0.493 25.246 1.047 24.677 0.723 0.569 RRab
V308    0 39 08.702 +48 25 46.41 0.691 25.082 0.568 24.482 0.320 0.600 RRab
V309    0 39 08.714 +48 27 53.47 0.761 25.019 0.430 24.375 0.403 0.643 RRab
V310    0 39 08.726 +48 26 05.28 0.625 25.278 0.297 24.608 0.308 0.670 RRab
V311    0 39 08.740 +48 24 43.45 0.625 25.159 0.285 24.506 0.174 0.653 RRab
V312    0 39 08.758 +48 25 33.99 0.680 25.074 0.457 24.371 0.473 0.703 RRab
V313    0 39 08.762 +48 26 55.30 0.620 24.849 0.740 24.334 0.614 0.515 RRab
V314    0 39 08.783 +48 24 28.50 0.597 25.089 0.928 24.524 0.618 0.565 RRab
V315    0 39 08.803 +48 24 55.62 0.543 25.230 0.905 24.687 0.567 0.542 RRab
V316    0 39 08.816 +48 27 56.09 0.686 25.065 0.624 24.465 0.432 0.599 RRab
V317    0 39 08.822 +48 25 16.39 0.607 25.214 0.548 24.627 0.358 0.587 RRab
V318    0 39 08.835 +48 28 00.15 0.552 25.133 0.983 24.606 0.723 0.527 RRab
V319    0 39 08.844 +48 25 35.30 0.344 25.212 0.399 24.720 0.225 0.492 RRc
V320    0 39 08.848 +48 27 39.31 0.692 25.119 0.282 24.491 0.189 0.628 RRab
V321    0 39 08.856 +48 25 28.75 0.774 24.924 0.355 24.293 0.314 0.631 RRab
V322    0 39 08.858 +48 25 56.61 0.327 24.985 0.527 24.532 0.318 0.452 RRc
V323    0 39 08.875 +48 26 16.57 0.568 25.198 0.734 24.547 0.647 0.651 RRab
V324    0 39 08.894 +48 25 47.89 0.653 25.172 0.492 24.537 0.263 0.636 RRab
V325    0 39 08.909 +48 24 18.78 0.344 25.152 0.408 24.644 0.243 0.508 RRc
V326    0 39 08.931 +48 24 27.51 0.323 25.256 0.330 24.746 0.245 0.510 RRc
V327    0 39 08.934 +48 25 20.45 0.559 25.199 0.692 24.610 0.571 0.589 RRab
V328    0 39 08.989 +48 25 02.48 0.553 25.040 1.267 24.503 0.516 0.537 RRab
V329    0 39 08.990 +48 25 07.49 0.619 25.043 0.905 24.491 0.514 0.552 RRab
V330    0 39 09.007 +48 26 51.27 0.544 25.145 0.804 24.577 0.536 0.569 RRab
V331    0 39 09.013 +48 24 37.88 0.580 25.291 0.743 24.638 0.439 0.653 RRab
V332    0 39 09.023 +48 24 54.78 0.570 25.296 0.791 24.714 0.526 0.583 RRab
V333    0 39 09.045 +48 25 54.35 0.730 24.872 0.889 24.293 0.627 0.579 RRab
V334    0 39 09.057 +48 27 59.57 0.567 25.193 0.817 24.637 0.483 0.556 RRab
V335    0 39 09.062 +48 25 01.25 0.552 25.210 0.880 24.647 0.594 0.563 RRab
V336    0 39 09.076 +48 27 54.66 0.651 24.938 0.966 24.367 0.709 0.571 RRab
V337    0 39 09.096 +48 24 23.79 0.631 24.965 0.895 24.417 0.655 0.548 RRab
V338    0 39 09.117 +48 24 45.31 0.627 25.048 0.535 24.432 0.531 0.616 RRab
V339    0 39 09.132 +48 27 29.46 0.330 25.239 0.407 24.739 0.294 0.501 RRc
V340    0 39 09.156 +48 25 03.50 0.525 25.167 1.109 24.676 0.763 0.491 RRab
V341    0 39 09.176 +48 27 48.79 0.335 25.022 0.175 24.586 0.110 0.436 RRc
V342    0 39 09.184 +48 26 17.67 0.267 25.236 0.314 24.823 0.219 0.413 RRc
V343    0 39 09.255 +48 26 22.19 0.299 25.173 0.474 24.725 0.281 0.449 RRc
V344    0 39 09.269 +48 26 08.11 0.482 25.192 1.263 24.687 0.799 0.505 RRab
V345    0 39 09.269 +48 25 46.95 0.642 25.189 0.409 24.584 0.327 0.605 RRab
V346    0 39 09.293 +48 26 15.15 0.618 25.310 0.366 24.608 0.282 0.701 RRab
V347    0 39 09.294 +48 25 12.14 0.287 25.238 0.458 24.792 0.306 0.446 RRc
V348    0 39 09.313 +48 27 54.57 0.473 25.193 1.209 24.701 0.798 0.492 RRab
V349    0 39 09.361 +48 25 28.24 0.402 24.971 0.382 24.476 0.289 0.496 RRc
V350    0 39 09.372 +48 24 45.11 0.253 25.285 0.159 24.872 0.103 0.413 RRc
V351    0 39 09.385 +48 24 26.70 0.703 25.059 0.456 24.445 0.268 0.614 RRab
V352    0 39 09.421 +48 24 46.13 0.569 25.259 0.657 24.645 0.452 0.615 RRab
V353    0 39 09.450 +48 27 09.23 0.628 25.050 0.706 24.486 0.622 0.564 RRab
V354    0 39 09.451 +48 25 47.27 0.694 25.077 0.576 24.444 0.516 0.633 RRab
V355    0 39 09.461 +48 25 57.40 0.571 25.244 0.833 24.643 0.543 0.601 RRab
V356    0 39 09.462 +48 27 13.15 0.281 25.151 0.318 24.735 0.256 0.417 RRc
V357    0 39 09.497 +48 25 20.37 0.546 25.192 0.821 24.650 0.630 0.542 RRab
V358    0 39 09.590 +48 25 05.12 0.761 25.106 0.174 24.411 0.165 0.696 RRab
V359    0 39 09.632 +48 24 53.66 0.561 24.992 1.352 24.518 0.755 0.474 RRab
V360    0 39 09.632 +48 25 09.65 0.280 25.273 0.280 24.837 0.206 0.436 RRc
V361    0 39 09.660 +48 24 50.83 0.271 25.262 0.185 24.838 0.270 0.424 RRc
V362    0 39 09.660 +48 25 54.50 0.319 25.151 0.522 24.698 0.356 0.453 RRc
V363    0 39 09.710 +48 25 50.52 0.627 25.214 0.588 24.596 0.323 0.618 RRab
V364    0 39 09.719 +48 25 12.65 0.698 25.058 0.448 24.444 0.391 0.614 RRab
V365    0 39 09.733 +48 25 26.91 0.744 25.067 0.201 24.451 0.173 0.616 RRab
V366    0 39 09.776 +48 25 55.84 0.704 24.975 0.657 24.372 0.361 0.603 RRab
V367    0 39 09.821 +48 26 56.27 0.314 25.154 0.417 24.712 0.331 0.441 RRc
V368    0 39 09.839 +48 25 39.80 0.467 25.167 1.169 24.645 0.852 0.522 RRab
V369    0 39 09.864 +48 26 07.07 0.659 24.936 0.993 24.373 0.567 0.563 RRab
V370    0 39 09.866 +48 26 17.61 0.529 25.238 0.789 24.654 0.556 0.584 RRab
V371    0 39 09.886 +48 27 00.94 0.619 25.180 0.434 24.616 0.284 0.564 RRab
V372    0 39 09.902 +48 24 50.29 0.650 25.179 0.499 24.553 0.207 0.627 RRab
V373    0 39 09.923 +48 25 27.78 0.282 25.134 0.288 24.710 0.247 0.423 RRc
V374    0 39 09.930 +48 24 24.20 0.344 25.142 0.430 24.652 0.281 0.491 RRc
V375    0 39 09.936 +48 25 07.13 0.284 25.284 0.411 24.839 0.280 0.445 RRc
V376    0 39 09.955 +48 25 01.76 0.335 25.208 0.359 24.674 0.323 0.534 RRc
V377    0 39 09.975 +48 24 43.52 0.799 24.947 0.421 24.329 0.285 0.618 RRab
V378    0 39 09.984 +48 25 03.16 0.334 25.266 0.347 24.789 0.245 0.477 RRc
V379    0 39 09.989 +48 27 24.91 0.337 25.185 0.369 24.713 0.292 0.473 RRc
V380    0 39 09.989 +48 26 37.79 0.642 25.094 0.590 24.447 0.604 0.647 RRab
V381    0 39 10.040 +48 25 14.30 0.530 25.179 0.779 24.630 0.518 0.550 RRab
V382    0 39 10.043 +48 24 43.92 0.280 25.211 0.317 24.770 0.199 0.440 RRc
V383    0 39 10.106 +48 24 42.03 0.359 25.114 0.460 24.634 0.280 0.480 RRc
V384    0 39 10.124 +48 25 01.70 0.280 25.268 0.441 24.854 0.334 0.414 RRc
V385    0 39 10.144 +48 25 43.98 0.357 25.205 0.412 24.693 0.320 0.513 RRc
V386    0 39 10.161 +48 24 48.26 0.479 25.284 1.152 24.771 0.665 0.513 RRab
V387    0 39 10.170 +48 25 50.36 0.330 25.035 0.272 24.596 0.142 0.439 RRc
V388    0 39 10.198 +48 25 05.57 9.999 99.999 9.999 99.999 9.999 9.999 LPV
V389    0 39 10.227 +48 26 00.19 0.653 25.200 0.233 24.589 0.186 0.611 RRab
V390    0 39 10.241 +48 24 44.95 0.496 25.267 0.963 24.739 0.618 0.528 RRab
V391    0 39 10.261 +48 25 15.06 0.287 25.234 0.451 24.839 0.315 0.395 RRc
V392    0 39 10.266 +48 25 02.87 0.392 25.049 0.328 24.556 0.240 0.493 RRc
V393    0 39 10.288 +48 25 00.46 0.689 25.030 0.531 24.540 0.477 0.490 RRab
V394    0 39 10.293 +48 27 17.86 9.999 99.999 9.999 99.999 9.999 9.999 Unclassified
V395    0 39 10.300 +48 27 11.53 0.626 24.976 0.770 24.424 0.523 0.552 RRab
V396    0 39 10.302 +48 26 48.69 0.564 25.018 1.050 24.506 0.681 0.513 RRab
V397    0 39 10.315 +48 25 30.94 0.512 25.221 0.883 24.692 0.604 0.529 RRab
V398    0 39 10.318 +48 25 01.76 0.619 25.204 0.485 24.483 0.533 0.721 RRab
V399    0 39 10.349 +48 25 58.66 0.566 25.057 1.129 24.547 0.799 0.510 RRab
V400    0 39 10.401 +48 24 27.55 0.332 25.255 0.420 24.752 0.326 0.503 RRc
V401    0 39 10.410 +48 25 39.44 0.501 25.143 0.722 24.686 0.320 0.457 RRab
V402    0 39 10.419 +48 25 36.47 0.322 25.183 0.450 24.713 0.269 0.469 RRc
V403    0 39 10.421 +48 26 44.18 0.506 25.124 1.175 24.637 0.731 0.487 RRab
V404    0 39 10.442 +48 25 46.06 0.231 25.535 0.117 25.017 0.045 0.518 RRc
V405    0 39 10.492 +48 25 24.45 0.365 24.981 0.480 24.503 0.338 0.478 RRc
V406    0 39 10.494 +48 25 33.54 0.554 25.238 0.627 24.627 0.664 0.612 RRab
V407    0 39 10.516 +48 24 41.06 0.636 25.163 0.807 24.562 0.565 0.600 RRab
V408    0 39 10.560 +48 26 36.16 0.606 25.093 0.829 24.498 0.584 0.594 RRab
V409    0 39 10.583 +48 25 25.85 0.477 25.245 0.953 24.773 0.712 0.472 RRab
V410    0 39 10.602 +48 24 56.14 0.286 25.373 0.406 24.872 0.330 0.501 RRc
V411    0 39 10.629 +48 27 10.71 0.544 25.158 0.946 24.645 0.747 0.514 RRab
V412    0 39 10.661 +48 28 08.88 0.304 25.232 0.477 24.793 0.368 0.439 RRc
V413    0 39 10.666 +48 25 14.62 0.357 25.134 0.353 24.648 0.258 0.486 RRc
V414    0 39 10.696 +48 25 53.71 0.581 25.142 1.119 24.603 0.704 0.539 RRab
V415    0 39 10.701 +48 27 07.29 0.706 25.033 0.313 24.448 0.214 0.586 RRab
V416    0 39 10.707 +48 24 53.28 0.569 25.085 0.796 24.546 0.609 0.539 RRab
V417    0 39 10.736 +48 28 01.08 0.595 25.249 0.687 24.662 0.489 0.587 RRab
V418    0 39 10.745 +48 26 10.33 0.470 25.205 1.346 24.742 0.815 0.463 RRab
V419    0 39 10.760 +48 26 03.47 0.545 25.077 1.090 24.607 0.769 0.469 RRab
V420    0 39 10.778 +48 25 05.67 0.553 24.830 0.942 23.824 0.457 1.006 RRab
V421    0 39 10.786 +48 25 19.47 0.559 25.149 0.966 24.572 0.610 0.577 RRab
V422    0 39 10.852 +48 24 30.18 0.346 25.257 0.365 24.758 0.197 0.499 RRc
V423    0 39 10.887 +48 24 57.83 0.505 25.191 1.164 24.695 0.711 0.496 RRab
V424    0 39 10.893 +48 24 30.10 9.999 99.999 9.999 99.999 9.999 9.999 Eclipsing
V425    0 39 10.925 +48 27 13.50 0.493 25.246 0.894 24.647 0.814 0.599 RRab
V426    0 39 10.949 +48 25 34.76 0.361 25.081 0.374 24.563 0.233 0.518 RRc
V427    0 39 10.986 +48 26 18.78 0.606 25.175 0.559 24.555 0.504 0.620 RRab
V428    0 39 11.003 +48 24 29.78 0.295 25.251 0.510 24.818 0.296 0.432 RRc
V429    0 39 11.016 +48 25 03.81 0.523 24.782 0.741 24.238 0.273 0.543 RRab
V430    0 39 11.023 +48 24 37.96 0.626 25.120 0.457 24.467 0.366 0.653 RRab
V431    0 39 11.069 +48 26 26.06 0.289 25.128 0.471 24.685 0.162 0.443 RRc
V432    0 39 11.084 +48 27 15.91 0.503 25.210 0.988 24.701 0.674 0.508 RRab
V433    0 39 11.128 +48 26 34.73 0.460 25.255 0.940 24.739 0.726 0.516 RRab
V434    0 39 11.130 +48 27 13.68 0.562 25.095 0.856 24.629 0.572 0.466 RRab
V435    0 39 11.161 +48 27 59.30 0.682 25.130 0.536 24.538 0.402 0.592 RRab
V436    0 39 11.179 +48 25 30.56 0.547 25.254 0.743 24.688 0.327 0.565 RRab
V437    0 39 11.224 +48 27 17.98 0.584 25.163 0.736 24.627 0.267 0.537 RRab
V438    0 39 11.230 +48 27 06.06 0.545 25.129 0.797 24.609 0.637 0.520 RRab
V439    0 39 11.334 +48 24 56.14 0.573 25.235 0.789 24.664 0.541 0.571 RRab
V440    0 39 11.337 +48 25 50.09 0.389 25.065 0.398 24.589 0.325 0.477 RRc
V441    0 39 11.389 +48 24 57.28 0.521 25.199 1.003 24.662 0.656 0.537 RRab
V442    0 39 11.392 +48 27 31.45 0.266 25.259 0.249 24.847 0.277 0.412 RRc
V443    0 39 11.396 +48 27 15.66 0.594 25.187 0.638 24.605 0.375 0.582 RRab
V444    0 39 11.413 +48 26 58.89 0.511 25.116 1.106 24.628 0.715 0.488 RRab
V445    0 39 11.424 +48 26 52.53 0.471 25.101 1.188 24.718 0.785 0.384 RRab
V446    0 39 11.433 +48 27 43.30 0.625 25.132 0.516 24.564 0.400 0.569 RRab
V447    0 39 11.452 +48 27 13.22 0.649 24.968 0.770 24.453 0.499 0.516 RRab
V448    0 39 11.465 +48 27 53.10 0.548 25.233 0.842 24.684 0.654 0.550 RRab
V449    0 39 11.466 +48 25 18.03 0.658 25.000 0.933 24.455 0.568 0.545 RRab
V450    0 39 11.530 +48 27 37.72 0.276 25.192 0.159 24.780 0.127 0.411 RRc
V451    0 39 11.534 +48 25 25.88 0.288 25.156 0.412 24.752 0.264 0.405 RRc
V452    0 39 11.564 +48 27 21.78 0.615 25.044 0.780 24.453 0.731 0.591 RRab
V453    0 39 11.603 +48 27 01.41 0.379 25.034 0.353 24.587 0.237 0.447 RRc
V454    0 39 11.656 +48 28 29.23 0.305 25.247 0.519 24.811 0.358 0.435 RRc
V455    0 39 11.744 +48 25 50.99 0.527 25.081 1.266 24.591 0.644 0.490 RRab
V456    0 39 11.757 +48 27 32.02 0.265 25.248 0.135 24.848 0.117 0.400 RRc
V457    0 39 11.796 +48 24 46.96 0.326 25.296 0.355 24.791 0.255 0.505 RRc
V458    0 39 11.816 +48 24 39.17 0.685 25.149 0.651 24.547 0.419 0.602 RRab
V459    0 39 11.857 +48 27 30.71 0.600 25.152 0.497 24.370 0.605 0.782 RRab
V460    0 39 11.875 +48 25 27.85 0.495 25.245 1.035 24.748 0.729 0.498 RRab
V461    0 39 11.877 +48 26 10.73 0.616 25.078 0.960 24.440 0.723 0.638 RRab
V462    0 39 11.893 +48 25 27.11 0.615 25.201 0.304 24.556 0.253 0.645 RRab
V463    0 39 11.926 +48 27 04.18 0.722 25.062 0.441 24.451 0.279 0.611 RRab
V464    0 39 11.940 +48 25 29.31 0.758 25.002 0.284 24.382 0.232 0.620 RRab
V465    0 39 11.945 +48 24 47.35 0.612 25.079 1.047 24.549 0.563 0.530 RRab
V466    0 39 11.993 +48 25 35.66 0.353 25.148 0.371 24.651 0.257 0.497 RRc
V467    0 39 12.030 +48 26 16.02 0.556 25.188 0.843 24.642 0.626 0.546 RRab
V468    0 39 12.042 +48 25 43.39 0.286 25.246 0.463 24.805 0.312 0.442 RRc
V469    0 39 12.050 +48 24 59.44 0.510 25.058 1.143 24.631 0.626 0.427 RRab
V470    0 39 12.062 +48 27 27.45 0.531 25.249 0.889 24.688 0.664 0.560 RRab
V471    0 39 12.070 +48 27 21.41 0.337 25.120 0.420 24.649 0.382 0.471 RRc
V472    0 39 12.107 +48 26 42.08 0.338 25.179 0.354 24.681 0.234 0.498 RRc
V473    0 39 12.118 +48 26 50.18 0.337 25.166 0.420 24.713 0.284 0.453 RRc
V474    0 39 12.127 +48 25 02.08 0.605 25.125 0.683 24.547 0.391 0.578 RRab
V475    0 39 12.132 +48 26 09.71 0.330 25.289 0.360 24.817 0.229 0.472 RRc
V476    0 39 12.138 +48 25 13.69 0.589 25.031 0.965 24.541 0.740 0.490 RRab
V477    0 39 12.139 +48 25 29.51 0.502 25.162 1.081 24.716 0.573 0.446 RRab
V478    0 39 12.180 +48 25 26.28 0.666 24.835 0.681 24.216 0.298 0.619 RRab
V479    0 39 12.203 +48 25 06.34 0.637 25.193 0.135 24.582 0.020 0.611 RRab
V480    0 39 12.204 +48 25 48.39 0.502 25.122 1.188 24.665 0.679 0.457 RRab
V481    0 39 12.211 +48 25 09.69 0.568 25.167 0.810 24.614 0.603 0.553 RRab
V482    0 39 12.218 +48 26 18.93 0.332 25.219 0.396 24.767 0.303 0.452 RRc
V483    0 39 12.248 +48 26 57.48 0.315 25.258 0.392 24.788 0.278 0.469 RRc
V484    0 39 12.262 +48 28 51.28 0.705 25.266 0.778 24.624 0.488 0.641 RRab
V485    0 39 12.363 +48 27 10.94 0.566 25.175 0.835 24.626 0.595 0.549 RRab
V486    0 39 12.364 +48 25 09.98 0.620 25.227 0.341 24.622 0.246 0.605 RRab
V487    0 39 12.377 +48 26 15.47 0.261 25.260 0.265 24.845 0.170 0.416 RRc
V488    0 39 12.404 +48 28 06.69 0.450 25.015 0.354 24.484 0.229 0.531 RRc
V489    0 39 12.413 +48 25 39.69 0.702 25.010 0.672 24.408 0.454 0.603 RRab
V490    0 39 12.534 +48 28 41.59 0.485 25.279 1.195 24.769 0.879 0.511 RRab
V491    0 39 12.550 +48 26 38.45 0.317 25.156 0.537 24.686 0.389 0.470 RRc
V492    0 39 12.613 +48 25 05.62 0.679 25.036 0.633 24.441 0.435 0.595 RRab
V493    0 39 12.638 +48 25 53.93 0.508 25.257 0.616 24.704 0.414 0.553 RRab
V494    0 39 12.644 +48 28 19.21 0.290 25.296 0.471 24.831 0.358 0.465 RRc
V495    0 39 12.684 +48 27 11.28 0.367 25.118 0.396 24.606 0.245 0.511 RRc
V496    0 39 12.799 +48 26 20.69 0.628 25.219 0.295 24.597 0.186 0.623 RRab
V497    0 39 12.816 +48 28 08.51 0.483 25.150 1.461 24.747 0.771 0.403 RRab
V498    0 39 12.823 +48 25 04.90 0.519 25.190 0.959 24.704 0.603 0.487 RRab
V499    0 39 12.890 +48 25 19.61 0.350 25.188 0.400 24.681 0.238 0.506 RRc
V500    0 39 12.971 +48 25 09.38 0.577 25.194 0.851 24.699 0.295 0.496 RRab
V501    0 39 12.991 +48 24 56.94 0.333 25.331 0.359 24.828 0.279 0.503 RRc
V502    0 39 13.005 +48 26 41.52 0.407 24.979 0.424 24.461 0.274 0.519 RRc
V503    0 39 13.027 +48 24 52.72 0.635 25.086 0.610 24.337 0.725 0.749 RRab
V504    0 39 13.035 +48 25 12.56 0.329 25.269 0.381 24.797 0.286 0.473 RRc
V505    0 39 13.067 +48 27 08.07 0.519 24.882 0.568 24.267 0.410 0.615 RRab
V506    0 39 13.079 +48 25 33.09 0.518 25.211 1.154 24.743 0.622 0.468 RRab
V507    0 39 13.096 +48 25 08.79 9.999 99.999 9.999 99.999 9.999 9.999 Unclassified
V508    0 39 13.097 +48 28 17.35 0.532 25.188 1.091 24.722 0.516 0.466 RRab
V509    0 39 13.100 +48 24 55.54 0.340 25.236 0.399 24.752 0.287 0.484 RRc
V510    0 39 13.107 +48 27 14.86 0.665 25.028 0.767 24.465 0.501 0.563 RRab
V511    0 39 13.195 +48 24 59.12 0.659 25.010 0.757 24.457 0.568 0.553 RRab
V512    0 39 13.198 +48 26 37.08 0.284 25.253 0.319 24.812 0.168 0.441 RRc
V513    0 39 13.300 +48 25 29.76 0.279 25.194 0.099 24.794 0.083 0.400 RRc
V514    0 39 13.338 +48 25 49.06 0.630 25.042 0.883 24.452 0.529 0.590 RRab
V515    0 39 13.374 +48 26 38.68 0.614 25.055 0.860 24.489 0.642 0.566 RRab
V516    0 39 13.418 +48 26 31.57 0.506 25.193 0.807 24.625 0.567 0.568 RRab
V517    0 39 13.506 +48 27 18.48 0.670 25.029 0.775 24.461 0.464 0.568 RRab
V518    0 39 13.537 +48 25 44.95 0.394 24.981 0.364 24.471 0.306 0.510 RRc
V519    0 39 13.546 +48 26 15.28 0.556 25.125 1.215 24.632 0.836 0.493 RRab
V520    0 39 13.551 +48 24 54.65 0.508 25.212 0.950 24.632 0.721 0.580 RRab
V521    0 39 13.556 +48 24 51.90 0.346 25.221 0.370 24.687 0.266 0.534 RRc
V522    0 39 13.623 +48 27 35.68 0.726 25.009 0.347 24.388 0.255 0.621 RRab
V523    0 39 13.705 +48 25 04.27 0.258 25.333 0.199 24.906 0.171 0.427 RRc
V524    0 39 13.716 +48 25 05.31 0.371 25.036 0.449 24.545 0.247 0.491 RRc
V525    0 39 13.752 +48 26 30.47 0.534 25.157 1.032 24.618 0.698 0.540 RRab
V526    0 39 13.765 +48 25 27.45 0.297 25.260 0.498 24.784 0.248 0.476 RRc
V527    0 39 13.766 +48 26 18.95 0.750 24.977 0.557 24.384 0.339 0.593 RRab
V528    0 39 13.772 +48 28 14.35 0.527 25.204 1.082 24.677 0.743 0.527 RRab
V529    0 39 13.873 +48 25 06.88 0.565 25.256 0.719 24.674 0.527 0.582 RRab
V530    0 39 13.894 +48 26 28.53 0.557 25.113 0.978 24.560 0.694 0.553 RRab
V531    0 39 13.983 +48 26 07.13 0.574 25.153 0.869 24.621 0.541 0.533 RRab
V532    0 39 14.038 +48 28 26.14 0.356 25.206 0.418 24.722 0.272 0.484 RRc
V533    0 39 14.050 +48 26 59.13 0.365 24.942 0.396 24.497 0.256 0.445 RRc
V534    0 39 14.079 +48 25 40.92 0.548 25.163 0.649 24.641 0.555 0.522 RRab
V535    0 39 14.079 +48 26 54.52 0.722 25.082 0.275 24.476 0.174 0.606 RRab
V536    0 39 14.157 +48 25 10.79 0.627 25.292 0.389 24.640 0.253 0.652 RRab
V537    0 39 14.207 +48 24 56.83 0.549 25.174 0.807 24.561 0.490 0.613 RRab
V538    0 39 14.221 +48 28 18.57 0.315 25.312 0.372 24.828 0.230 0.483 RRc
V539    0 39 14.267 +48 25 28.58 0.648 25.083 0.500 24.444 0.366 0.639 RRab
V540    0 39 14.277 +48 25 35.23 0.515 25.134 1.266 24.651 0.832 0.483 RRab
V541    0 39 14.304 +48 27 24.76 0.321 25.196 0.456 24.735 0.341 0.461 RRc
V542    0 39 14.306 +48 25 35.51 0.632 24.935 1.014 24.436 0.651 0.499 RRab
V543    0 39 14.311 +48 25 48.41 0.270 25.220 0.442 24.837 0.209 0.383 RRc
V544    0 39 14.385 +48 27 14.43 0.554 25.154 1.027 24.619 0.708 0.535 RRab
V545    0 39 14.392 +48 28 10.16 0.508 25.047 0.926 24.478 0.546 0.568 RRab
V546    0 39 14.416 +48 27 37.06 0.470 25.283 1.149 24.780 0.866 0.503 RRab
V547    0 39 14.437 +48 24 57.35 0.309 25.283 0.485 24.827 0.321 0.456 RRc
V548    0 39 14.455 +48 25 16.46 0.544 25.215 0.944 24.682 0.686 0.533 RRab
V549    0 39 14.478 +48 26 45.51 0.341 25.263 0.356 24.786 0.257 0.477 RRc
V550    0 39 14.542 +48 27 31.55 0.612 25.116 0.632 24.494 0.686 0.622 RRab
V551    0 39 14.557 +48 25 05.04 0.690 25.020 0.661 24.387 0.348 0.632 RRab
V552    0 39 14.585 +48 25 57.16 0.300 25.233 0.463 24.773 0.364 0.459 RRc
V553    0 39 14.635 +48 26 21.62 0.619 25.019 1.034 24.434 0.737 0.585 RRab
V554    0 39 14.637 +48 26 12.72 0.513 25.147 1.132 24.636 0.746 0.510 RRab
V555    0 39 14.643 +48 26 11.88 0.618 25.081 1.003 24.517 0.600 0.565 RRab
V556    0 39 14.735 +48 26 05.01 0.641 25.040 0.820 24.492 0.522 0.548 RRab
V557    0 39 14.801 +48 25 38.38 0.459 25.268 1.178 24.799 0.746 0.469 RRab
V558    0 39 14.847 +48 25 51.77 0.651 24.297 0.264 23.601 0.204 0.696 AC?
V559    0 39 14.885 +48 25 29.88 0.737 24.864 0.552 24.267 0.445 0.597 RRab
V560    0 39 14.886 +48 25 30.86 0.619 25.145 0.523 24.645 0.215 0.500 RRab
V561    0 39 14.930 +48 25 51.20 0.295 25.108 0.104 24.696 0.097 0.411 RRc
V562    0 39 14.936 +48 27 03.86 0.255 25.203 0.209 24.844 0.181 0.359 RRc
V563    0 39 14.992 +48 26 24.01 0.606 25.049 1.058 24.486 0.796 0.562 RRab
V564    0 39 15.000 +48 26 27.61 0.298 25.204 0.472 24.773 0.298 0.431 RRc
V565    0 39 15.007 +48 27 57.93 0.750 25.081 0.375 24.449 0.281 0.633 RRab
V566    0 39 15.080 +48 27 41.53 0.511 25.140 0.982 24.723 0.713 0.417 RRab
V567    0 39 15.115 +48 26 20.08 0.584 25.277 0.734 24.664 0.421 0.613 RRab
V568    0 39 15.130 +48 27 46.59 0.508 25.233 1.148 24.687 0.840 0.546 RRab
V569    0 39 15.205 +48 25 45.06 0.269 25.322 0.414 24.910 0.270 0.412 RRc
V570    0 39 15.257 +48 25 45.29 0.318 25.200 0.451 24.725 0.342 0.475 RRc
V571    0 39 15.273 +48 26 14.19 0.394 24.985 0.497 24.548 0.313 0.437 RRc
V572    0 39 15.327 +48 26 14.17 0.458 25.152 1.220 24.687 0.808 0.464 RRab
V573    0 39 15.380 +48 27 37.44 0.472 25.229 1.268 24.781 0.744 0.449 RRab
V574    0 39 15.400 +48 25 56.09 0.335 25.219 0.331 24.662 0.275 0.557 RRc
V575    0 39 15.443 +48 26 09.70 0.598 25.268 0.508 24.654 0.321 0.614 RRab
V576    0 39 15.451 +48 27 10.84 0.261 25.295 0.360 24.892 0.252 0.403 RRc
V577    0 39 15.459 +48 25 15.71 0.286 25.248 0.443 24.815 0.324 0.433 RRc
V578    0 39 15.488 +48 25 50.71 0.277 25.222 0.202 24.859 0.104 0.363 RRc
V579    0 39 15.507 +48 25 20.96 0.610 25.082 0.883 24.645 0.290 0.437 RRab
V580    0 39 15.536 +48 26 29.37 0.537 25.042 1.157 24.650 0.686 0.393 RRab
V581    0 39 15.548 +48 28 05.98 0.497 25.386 0.866 24.832 0.793 0.554 RRab
V582    0 39 15.570 +48 26 36.68 0.617 25.085 1.069 24.392 0.637 0.692 RRab
V583    0 39 15.626 +48 26 19.18 0.290 25.242 0.534 24.783 0.364 0.459 RRc
V584    0 39 15.632 +48 25 26.01 0.823 25.078 0.146 24.402 0.128 0.676 RRab
V585    0 39 15.673 +48 26 16.68 0.649 24.884 0.537 24.304 0.361 0.580 RRab
V586    0 39 15.688 +48 27 10.74 0.587 25.198 0.591 24.620 0.352 0.578 RRab
V587    0 39 15.718 +48 27 59.89 0.758 25.156 0.866 24.472 0.475 0.683 RRab
V588    0 39 15.762 +48 27 38.30 0.542 25.363 0.559 24.723 0.589 0.640 RRab
V589    0 39 15.817 +48 26 52.59 0.566 25.245 0.458 24.684 0.293 0.561 RRab
V590    0 39 15.880 +48 27 19.39 0.528 25.272 0.711 24.698 0.549 0.573 RRab
V591    0 39 15.963 +48 25 25.41 0.586 25.041 0.984 24.569 0.489 0.472 RRab
V592    0 39 15.989 +48 27 05.06 0.582 25.175 0.733 24.611 0.473 0.564 RRab
V593    0 39 16.072 +48 26 13.78 0.633 25.036 0.781 24.442 0.638 0.595 RRab
V594    0 39 16.118 +48 26 21.26 0.508 25.236 1.014 24.709 0.701 0.527 RRab
V595    0 39 16.125 +48 26 49.59 0.330 25.260 0.344 24.779 0.238 0.481 RRc
V596    0 39 16.136 +48 25 37.23 0.296 25.206 0.440 24.784 0.352 0.422 RRc
V597    0 39 16.142 +48 25 23.02 0.323 25.291 0.394 24.810 0.217 0.480 RRc
V598    0 39 16.165 +48 25 34.08 0.547 25.181 1.214 24.701 0.639 0.480 RRab
V599    0 39 16.283 +48 27 53.88 0.492 25.343 0.942 24.809 0.624 0.535 RRab
V600    0 39 16.291 +48 26 42.26 0.286 25.271 0.446 24.831 0.360 0.440 RRc
V601    0 39 16.358 +48 27 26.28 0.262 25.357 0.265 24.924 0.202 0.433 RRc
V602    0 39 16.371 +48 27 40.02 0.563 25.269 0.804 24.681 0.495 0.588 RRab
V603    0 39 16.378 +48 26 50.04 0.635 25.204 0.239 24.587 0.142 0.616 RRab
V604    0 39 16.381 +48 25 53.66 0.632 25.012 0.553 24.437 0.342 0.575 RRab
V605    0 39 16.466 +48 26 26.11 0.333 25.246 0.362 24.766 0.213 0.480 RRc
V606    0 39 16.481 +48 27 31.60 0.507 25.286 0.844 24.699 0.675 0.587 RRab
V607    0 39 16.557 +48 25 56.24 0.791 24.831 0.386 24.257 0.232 0.574 RRab
V608    0 39 16.691 +48 27 05.77 0.263 25.279 0.323 24.845 0.223 0.434 RRc
V609    0 39 16.704 +48 25 39.27 0.285 25.159 0.225 24.706 0.124 0.453 RRc
V610    0 39 16.746 +48 26 29.70 0.264 25.214 0.292 24.811 0.154 0.403 RRc
V611    0 39 16.760 +48 27 33.49 0.333 25.299 0.402 24.816 0.301 0.483 RRc
V612    0 39 16.821 +48 26 18.33 0.674 25.018 0.768 24.422 0.541 0.596 RRab
V613    0 39 16.822 +48 27 20.96 0.275 25.290 0.155 24.850 0.273 0.439 RRc
V614    0 39 16.830 +48 25 20.21 0.516 25.272 1.031 24.705 0.697 0.567 RRab
V615    0 39 16.873 +48 27 01.32 0.645 25.071 0.816 24.502 0.488 0.569 RRab
V616    0 39 16.991 +48 26 38.64 0.336 25.170 0.427 24.714 0.270 0.456 RRc
V617    0 39 17.072 +48 27 00.52 0.280 25.192 0.432 24.761 0.269 0.432 RRc
V618    0 39 17.080 +48 25 35.48 0.396 25.058 0.417 24.556 0.273 0.502 RRc
V619    0 39 17.211 +48 27 20.11 0.467 25.240 1.091 24.763 0.730 0.477 RRab
V620    0 39 17.225 +48 27 25.99 0.355 25.245 0.375 24.716 0.214 0.529 RRc
V621    0 39 17.230 +48 25 39.60 0.715 25.065 0.575 24.439 0.366 0.627 RRab
V622    0 39 17.342 +48 27 20.30 0.592 25.243 0.684 24.666 0.465 0.577 RRab
V623    0 39 17.343 +48 26 14.31 0.525 25.083 1.080 24.604 0.863 0.479 RRab
V624    0 39 17.349 +48 26 26.40 0.564 25.178 0.683 24.604 0.573 0.574 RRab
V625    0 39 17.434 +48 25 35.83 0.361 25.223 0.379 24.706 0.230 0.517 RRc
V626    0 39 17.465 +48 25 49.14 0.295 25.272 0.501 24.817 0.311 0.455 RRc
V627    0 39 17.539 +48 25 48.13 0.480 25.273 0.572 24.736 0.440 0.537 RRab
V628    0 39 17.581 +48 26 30.99 0.553 25.116 0.965 24.594 0.633 0.522 RRab
V629    0 39 17.696 +48 25 40.35 0.524 25.286 0.890 24.711 0.564 0.574 RRab
V630    0 39 17.768 +48 25 56.26 0.486 25.258 1.013 24.753 0.795 0.505 RRab
V631    0 39 17.810 +48 26 23.27 0.730 24.999 0.588 24.425 0.346 0.573 RRab
V632    0 39 17.837 +48 27 02.71 0.551 25.242 0.777 24.651 0.547 0.592 RRab
V633    0 39 17.837 +48 25 32.95 0.562 25.178 1.078 24.649 0.630 0.529 RRab
V634    0 39 18.007 +48 26 20.87 0.728 25.005 0.495 24.403 0.354 0.602 RRab
V635    0 39 18.070 +48 27 01.34 0.303 25.140 0.469 24.718 0.318 0.423 RRc
V636    0 39 18.121 +48 26 08.85 0.561 25.150 0.862 24.660 0.634 0.490 RRab
V637    0 39 18.435 +48 25 50.48 0.337 25.252 0.371 24.739 0.239 0.513 RRc
V638    0 39 18.453 +48 27 10.81 0.609 25.305 0.341 24.609 0.478 0.696 RRab
V639    0 39 18.584 +48 26 46.35 0.298 25.136 0.491 24.707 0.342 0.429 RRc
V640    0 39 18.647 +48 26 17.03 0.603 24.998 0.868 24.433 0.623 0.565 RRab
V641    0 39 18.794 +48 25 58.91 0.725 25.100 0.328 24.431 0.375 0.669 RRab
V642    0 39 18.824 +48 25 47.08 0.603 25.114 0.648 24.476 0.493 0.638 RRab
V643    0 39 19.014 +48 25 34.32 0.654 25.106 0.982 24.596 0.548 0.510 RRab
V644    0 39 19.029 +48 26 38.61 0.792 24.930 0.450 24.339 0.298 0.591 RRab
V645    0 39 19.118 +48 25 50.76 0.675 25.189 0.413 24.562 0.340 0.627 RRab
V646    0 39 19.161 +48 27 02.89 0.340 25.180 0.426 24.711 0.354 0.469 RRc
V647    0 39 19.223 +48 26 27.28 0.550 25.229 0.666 24.649 0.438 0.580 RRab
V648    0 39 19.429 +48 25 52.71 0.905 24.886 0.109 24.248 0.109 0.639 RRab
V649    0 39 19.443 +48 26 19.38 0.275 25.236 0.196 24.813 0.219 0.423 RRc
V650    0 39 19.494 +48 26 58.73 0.475 25.315 1.014 24.805 0.826 0.511 RRab
V651    0 39 19.532 +48 25 44.22 0.316 25.290 0.420 24.800 0.256 0.490 RRc
V652    0 39 19.558 +48 25 57.65 0.539 25.149 0.980 24.679 0.643 0.470 RRab
V653    0 39 19.594 +48 26 08.34 0.496 25.203 1.153 24.690 0.573 0.513 RRab
V654    0 39 20.036 +48 26 30.93 0.673 25.057 0.667 24.476 0.488 0.580 RRab
V655    0 39 20.115 +48 26 23.75 9.999 99.999 9.999 99.999 9.999 9.999 Unclassified
V656    0 39 20.128 +48 26 42.00 0.293 25.272 0.433 24.847 0.289 0.425 RRc
V657    0 39 20.372 +48 26 36.04 0.377 25.118 0.359 24.626 0.285 0.492 RRc
V658    0 39 20.449 +48 26 17.85 0.590 25.015 1.172 24.547 0.875 0.468 RRab
V659    0 39 20.470 +48 26 44.93 0.335 25.283 0.391 24.791 0.251 0.492 RRc
V660    0 39 20.649 +48 26 22.63 0.611 25.121 0.970 24.540 0.674 0.581 RRab
V661    0 39 20.849 +48 25 57.28 0.453 25.313 0.427 24.803 0.289 0.510 RRd
V662    0 39 20.875 +48 26 11.22 0.612 25.253 0.601 24.617 0.434 0.636 RRab
V663    0 39 21.042 +48 26 40.19 0.661 25.221 0.500 24.589 0.321 0.631 RRab
V664    0 39 21.106 +48 26 20.91 0.350 25.315 0.322 24.752 0.272 0.563 RRc
V665    0 39 21.185 +48 26 10.97 0.520 25.331 0.739 24.739 0.909 0.592 RRab
V666    0 39 21.287 +48 26 11.47 0.624 25.334 0.441 24.681 0.352 0.653 RRab
V667    0 39 21.850 +48 26 11.35 0.633 25.232 0.726 24.579 0.588 0.652 RRab
V668    0 39 22.933 +48 26 08.74 0.618 25.333 0.330 24.741 0.369 0.592 RRab
V669    0 39 36.356 +48 24 24.08 0.520 25.335 0.909 24.727 0.585 0.608 RRab
V670    0 39 36.655 +48 24 50.36 0.582 25.157 0.773 24.617 0.495 0.540 RRab
V671    0 39 36.954 +48 24 34.07 0.618 25.138 0.837 24.518 0.548 0.619 RRab
V672    0 39 37.065 +48 24 53.14 0.309 25.231 0.535 24.758 0.342 0.473 RRc
V673    0 39 37.692 +48 24 54.23 0.354 25.209 0.416 24.678 0.283 0.531 RRc
V674    0 39 37.738 +48 25 11.63 0.658 25.195 0.746 24.539 0.530 0.657 RRab
V675    0 39 37.972 +48 24 40.23 0.604 25.117 0.868 24.570 0.525 0.546 RRab
V676    0 39 38.089 +48 24 40.79 0.573 25.236 0.801 24.617 0.651 0.619 RRab
V677    0 39 38.171 +48 24 36.12 0.529 25.279 1.081 24.689 0.662 0.590 RRab
V678    0 39 38.177 +48 25 26.18 0.560 25.122 1.082 24.600 0.799 0.522 RRab
V679    0 39 38.298 +48 24 41.49 0.583 25.136 1.164 24.615 0.738 0.521 RRab
V680    0 39 38.364 +48 24 47.50 0.516 25.317 1.184 24.678 0.831 0.639 RRab
V681    0 39 38.466 +48 25 12.74 0.549 25.369 0.768 24.739 0.448 0.630 RRab
V682    0 39 38.487 +48 25 51.21 0.585 25.131 0.956 24.553 0.650 0.578 RRab
V683    0 39 38.649 +48 24 32.73 0.568 25.062 0.843 24.445 0.611 0.617 RRab
V684    0 39 38.968 +48 24 38.65 0.546 25.219 1.103 24.653 0.749 0.566 RRab
V685    0 39 39.005 +48 25 35.57 0.598 25.153 0.924 24.593 0.660 0.560 RRab
V686    0 39 39.013 +48 26 06.88 0.484 25.310 1.007 24.721 0.471 0.589 RRab
V687    0 39 39.377 +48 24 28.35 0.344 25.323 0.310 24.797 0.313 0.526 RRc
V688    0 39 39.475 +48 25 11.48 0.526 25.220 1.052 24.686 0.559 0.534 RRab
V689    0 39 39.513 +48 26 13.99 0.589 25.096 0.869 24.562 0.530 0.534 RRab
V690    0 39 39.602 +48 24 43.35 0.305 25.260 0.512 24.803 0.282 0.458 RRc
V691    0 39 39.752 +48 25 06.77 0.779 25.062 0.467 24.453 0.279 0.609 RRab
V692    0 39 39.823 +48 24 40.46 0.622 25.146 0.900 24.510 0.533 0.635 RRab
V693    0 39 40.009 +48 25 38.29 0.320 25.235 0.437 24.781 0.238 0.455 RRc
V694    0 39 40.035 +48 26 08.05 0.528 25.220 0.946 24.653 0.720 0.567 RRab
V695    0 39 40.053 +48 24 16.58 0.484 25.369 0.928 24.809 0.748 0.559 RRab
V696    0 39 40.128 +48 24 49.35 0.321 25.174 0.301 24.686 0.166 0.488 RRc
V697    0 39 40.190 +48 26 11.14 0.300 25.270 0.513 24.754 0.261 0.515 RRc
V698    0 39 40.285 +48 25 57.98 0.721 25.021 0.350 24.398 0.296 0.623 RRab
V699    0 39 40.351 +48 25 09.32 0.348 25.029 0.480 24.559 0.262 0.470 RRc
V700    0 39 40.688 +48 25 09.47 0.671 25.132 0.409 24.528 0.376 0.604 RRab
V701    0 39 40.717 +48 26 39.03 0.613 25.107 0.660 24.548 0.397 0.559 RRab
V702    0 39 40.853 +48 24 52.89 0.360 25.230 0.433 24.693 0.275 0.536 RRc
V703    0 39 40.883 +48 26 23.70 0.478 24.830 0.332 24.274 0.215 0.556 RRc
V704    0 39 40.928 +48 24 50.44 0.655 25.174 0.710 24.517 0.502 0.657 RRab
V705    0 39 41.053 +48 24 37.31 0.692 25.043 0.909 24.414 0.496 0.629 RRab
V706    0 39 41.066 +48 25 53.92 0.699 25.045 0.464 24.418 0.373 0.628 RRab
V707    0 39 41.086 +48 25 35.56 0.497 25.199 0.994 24.663 0.599 0.536 RRab
V708    0 39 41.130 +48 24 18.85 0.277 25.397 0.452 24.927 0.327 0.470 RRc
V709    0 39 41.247 +48 26 31.87 0.374 24.928 0.435 24.478 0.281 0.450 RRc
V710    0 39 41.319 +48 25 05.20 0.576 25.223 0.676 24.646 0.460 0.577 RRab
V711    0 39 41.473 +48 25 28.94 0.546 25.235 0.745 24.687 0.512 0.548 RRab
V712    0 39 41.553 +48 25 18.32 0.367 25.143 0.388 24.620 0.234 0.523 RRc
V713    0 39 41.635 +48 25 01.32 0.479 25.214 0.794 24.706 0.504 0.508 RRab
V714    0 39 41.654 +48 24 57.47 0.391 25.045 0.450 24.506 0.246 0.539 RRc
V715    0 39 41.724 +48 25 43.96 0.481 25.198 1.241 24.694 0.825 0.504 RRab
V716    0 39 41.758 +48 25 19.74 0.591 25.054 0.792 24.502 0.657 0.552 RRab
V717    0 39 41.809 +48 25 24.53 0.555 25.231 0.946 24.675 0.625 0.555 RRab
V718    0 39 41.893 +48 25 07.85 0.751 25.041 0.254 24.375 0.208 0.666 RRab
V719    0 39 41.962 +48 26 22.11 0.649 25.101 0.810 24.542 0.603 0.559 RRab
V720    0 39 41.965 +48 25 26.73 0.459 25.291 0.485 24.735 0.389 0.556 RRc
V721    0 39 41.988 +48 26 26.76 0.587 25.260 0.450 24.613 0.407 0.647 RRab
V722    0 39 42.054 +48 24 12.92 0.475 25.302 1.167 24.764 0.652 0.538 RRab
V723    0 39 42.140 +48 25 46.74 0.461 25.259 1.154 24.702 0.822 0.557 RRab
V724    0 39 42.143 +48 25 50.77 0.325 25.188 0.455 24.708 0.247 0.480 RRc
V725    0 39 42.376 +48 25 26.81 0.522 25.193 1.066 24.688 0.647 0.505 RRab
V726    0 39 42.442 +48 24 18.80 0.589 25.189 1.012 24.575 0.653 0.614 RRab
V727    0 39 42.547 +48 24 35.67 0.510 25.250 0.913 24.732 0.660 0.518 RRab
V728    0 39 42.622 +48 25 01.77 0.639 24.987 0.800 24.417 0.579 0.570 RRab
V729    0 39 42.690 +48 24 55.62 0.478 25.185 0.698 24.707 0.453 0.478 RRab
V730    0 39 42.698 +48 25 36.87 0.346 25.110 0.393 24.641 0.276 0.468 RRc
V731    0 39 42.812 +48 24 31.24 0.856 25.018 0.343 24.323 0.244 0.696 RRab
V732    0 39 43.014 +48 26 08.29 0.528 25.091 1.271 24.603 0.713 0.489 RRab
V733    0 39 43.044 +48 26 19.03 0.647 25.198 0.304 24.567 0.200 0.631 RRab
V734    0 39 43.105 +48 25 17.05 0.582 25.186 0.725 24.595 0.511 0.592 RRab
V735    0 39 43.231 +48 26 35.44 0.612 24.964 0.909 24.419 0.576 0.545 RRab
V736    0 39 43.452 +48 24 32.61 0.284 25.273 0.395 24.783 0.303 0.491 RRc
V737    0 39 43.479 +48 25 23.34 0.594 25.190 0.610 24.593 0.507 0.596 RRab
V738    0 39 43.706 +48 24 59.52 0.703 24.884 0.525 24.274 0.449 0.610 RRab
V739    0 39 43.760 +48 25 54.08 0.567 25.089 0.948 24.562 0.663 0.527 RRab
V740    0 39 43.770 +48 24 19.17 0.293 25.261 0.409 24.787 0.363 0.474 RRc
V741    0 39 43.818 +48 25 39.13 0.293 25.169 0.333 24.720 0.264 0.449 RRc
V742    0 39 43.842 +48 26 14.68 0.521 25.138 0.966 24.661 0.700 0.477 RRab
V743    0 39 43.934 +48 25 39.13 0.292 25.230 0.483 24.782 0.336 0.447 RRc
V744    0 39 44.224 +48 24 48.16 0.552 25.274 0.753 24.684 0.589 0.590 RRab
V745    0 39 44.265 +48 26 06.41 0.751 24.953 0.422 24.371 0.204 0.583 RRab
V746    0 39 45.058 +48 25 59.67 0.591 25.106 0.716 24.544 0.446 0.562 RRab
V747    0 39 45.223 +48 24 56.96 0.527 25.198 0.993 24.690 0.545 0.508 RRab
V748    0 39 45.320 +48 26 25.25 0.594 25.019 0.767 24.439 0.955 0.580 RRab
V749    0 39 45.348 +48 24 58.85 0.489 25.208 1.449 24.732 0.828 0.476 RRab
V750    0 39 45.406 +48 24 33.42 0.466 25.311 0.807 24.802 0.498 0.509 RRab
V751    0 39 45.573 +48 24 29.51 0.744 25.078 0.362 24.456 0.270 0.622 RRab
V752    0 39 45.663 +48 24 28.40 0.475 25.264 1.212 24.821 0.739 0.442 RRab
V753    0 39 45.678 +48 24 49.13 0.578 25.169 1.040 24.593 0.671 0.576 RRab
V754    0 39 45.701 +48 25 08.02 0.358 25.172 0.367 24.683 0.264 0.489 RRc
V755    0 39 45.762 +48 24 48.61 0.477 25.236 1.427 24.764 0.712 0.473 RRab
V756    0 39 45.816 +48 24 54.95 0.575 25.238 0.648 24.679 0.446 0.558 RRab
V757    0 39 45.991 +48 25 28.18 0.518 25.234 0.692 24.743 0.349 0.491 RRab
V758    0 39 46.038 +48 24 07.57 0.270 25.267 0.312 24.864 0.184 0.403 RRc
V759    0 39 46.143 +48 26 31.83 0.334 25.163 0.376 24.736 0.262 0.427 RRc
V760    0 39 46.351 +48 24 54.45 0.341 25.251 0.342 24.755 0.305 0.496 RRc
V761    0 39 46.378 +48 24 33.90 0.681 25.027 0.900 24.467 0.459 0.559 RRab
V762    0 39 46.392 +48 25 09.92 0.607 25.075 0.993 24.521 0.588 0.554 RRab
V763    0 39 46.471 +48 24 16.71 0.490 25.334 1.167 24.846 0.663 0.487 RRab
V764    0 39 46.793 +48 25 16.42 0.686 25.102 0.529 24.505 0.311 0.597 RRab
V765    0 39 46.865 +48 25 18.94 0.768 25.030 0.316 24.428 0.223 0.602 RRab
V766    0 39 46.988 +48 24 49.28 0.476 25.246 0.775 24.781 0.641 0.465 RRab
V767    0 39 46.989 +48 25 18.69 0.647 25.148 0.622 24.599 0.428 0.549 RRab
V768    0 39 47.076 +48 25 08.70 0.732 24.931 0.301 24.354 0.209 0.577 RRab
V769    0 39 47.284 +48 24 56.01 0.304 25.218 0.471 24.794 0.278 0.424 RRc
V770    0 39 47.316 +48 26 21.70 0.336 25.162 0.462 24.737 0.282 0.424 RRc
V771    0 39 47.359 +48 24 43.24 0.272 25.302 0.472 24.894 0.273 0.408 RRc
V772    0 39 47.680 +48 25 40.10 0.551 25.162 0.974 24.634 0.785 0.527 RRab
V773    0 39 47.721 +48 24 12.53 0.571 25.160 1.023 24.629 0.677 0.531 RRab
V774    0 39 47.772 +48 26 02.14 0.526 25.247 0.921 24.742 0.584 0.505 RRab
V775    0 39 47.856 +48 25 47.74 0.453 25.294 1.126 24.853 0.931 0.441 RRab
V776    0 39 47.944 +48 25 41.30 0.591 25.058 0.906 24.584 0.732 0.474 RRab
V777    0 39 47.994 +48 24 18.68 0.624 25.095 0.874 24.561 0.713 0.534 RRab
V778    0 39 48.081 +48 24 30.47 0.600 25.216 0.505 24.625 0.399 0.590 RRab
V779    0 39 48.139 +48 24 28.97 0.262 25.286 0.311 24.885 0.192 0.402 RRc
V780    0 39 48.151 +48 25 59.31 0.298 25.200 0.440 24.803 0.273 0.398 RRc
V781    0 39 48.193 +48 26 41.48 0.679 25.067 0.764 24.535 0.593 0.532 RRab
V782    0 39 48.206 +48 24 52.71 0.646 25.079 0.841 24.522 0.561 0.557 RRab
V783    0 39 48.310 +48 25 52.43 0.271 25.283 0.474 24.901 0.304 0.382 RRc
V784    0 39 48.600 +48 26 15.63 0.452 25.266 0.957 24.837 0.716 0.429 RRab
V785    0 39 48.827 +48 25 59.89 0.301 25.191 0.451 24.776 0.372 0.416 RRc
V786    0 39 48.952 +48 25 57.45 0.525 25.305 0.790 24.775 0.683 0.529 RRab
V787    0 39 48.981 +48 25 13.85 0.418 25.000 0.411 24.518 0.272 0.482 RRc
V788    0 39 49.196 +48 25 54.20 0.690 24.965 0.776 24.422 0.479 0.543 RRab
V789    0 39 49.332 +48 25 07.47 0.571 25.291 0.478 24.695 0.512 0.595 RRab
V790    0 39 49.483 +48 25 13.55 0.616 25.278 0.341 24.699 0.226 0.579 RRab
V791    0 39 49.569 +48 24 53.37 0.340 25.234 0.365 24.741 0.281 0.493 RRc
V792    0 39 49.682 +48 26 16.87 0.365 25.074 0.444 24.631 0.323 0.443 RRc
V793    0 39 49.703 +48 26 13.81 0.688 25.090 0.322 24.523 0.256 0.567 RRab
V794    0 39 49.723 +48 24 09.10 0.483 25.323 0.748 24.808 0.641 0.514 RRab
V795    0 39 49.745 +48 24 57.38 0.558 25.250 0.862 24.680 0.639 0.570 RRab
V796    0 39 49.804 +48 24 34.08 0.312 25.088 0.279 24.692 0.176 0.396 RRc
V797    0 39 50.120 +48 25 08.03 0.460 25.244 1.019 24.809 0.775 0.436 RRab
V798    0 39 50.338 +48 25 36.49 0.272 25.256 0.430 24.861 0.288 0.395 RRc
V799    0 39 50.420 +48 24 00.47 0.639 25.138 0.762 24.552 0.455 0.586 RRab
V800    0 39 50.516 +48 24 48.44 0.706 25.055 0.590 24.418 0.635 0.637 RRab
V801    0 39 50.855 +48 24 46.47 0.714 25.032 0.579 24.437 0.418 0.594 RRab
V802    0 39 50.881 +48 25 39.94 0.341 25.251 0.394 24.791 0.216 0.460 RRc
V803    0 39 51.364 +48 25 01.37 0.660 25.157 0.556 24.609 0.289 0.548 RRab
V804    0 39 51.513 +48 25 57.79 0.548 25.066 1.172 24.580 0.702 0.487 RRab
V805    0 39 51.560 +48 24 00.69 0.653 25.162 0.658 24.624 0.430 0.538 RRab
V806    0 39 51.568 +48 25 11.96 0.342 25.115 0.396 24.642 0.227 0.473 RRc
V807    0 39 51.602 +48 25 55.48 0.642 25.139 0.388 24.591 0.216 0.549 RRab
V808    0 39 51.669 +48 24 23.09 0.545 25.198 0.903 24.655 0.425 0.543 RRab
V809    0 39 51.926 +48 26 01.15 0.524 25.130 0.978 24.692 0.631 0.438 RRab
V810    0 39 51.929 +48 24 01.08 0.336 25.311 0.318 24.848 0.312 0.463 RRc
V811    0 39 51.970 +48 26 04.78 0.760 25.010 0.391 24.407 0.192 0.603 RRab
V812    0 39 51.987 +48 25 40.88 0.778 24.929 0.512 24.358 0.489 0.572 RRab
V813    0 39 52.136 +48 24 20.23 0.480 25.309 0.707 24.758 0.704 0.551 RRab
V814    0 39 52.358 +48 25 32.62 0.714 24.916 0.906 24.361 0.486 0.555 RRab
V815    0 39 52.503 +48 25 39.27 0.681 25.090 0.604 24.503 0.400 0.587 RRab
V816    0 39 52.507 +48 24 32.48 0.396 25.069 0.430 24.552 0.284 0.517 RRc
V817    0 39 52.963 +48 25 29.12 0.505 25.401 0.496 24.739 0.613 0.662 RRab
V818    0 39 53.042 +48 25 02.50 0.499 25.191 1.023 24.684 0.812 0.507 RRab
V819    0 39 53.112 +48 24 45.91 0.489 25.299 0.979 24.783 0.726 0.516 RRab
V820    0 39 53.356 +48 25 40.49 0.553 25.188 0.981 24.669 0.582 0.519 RRab
V821    0 39 53.410 +48 25 17.27 0.515 25.022 1.356 24.620 0.682 0.403 RRab
V822    0 39 53.525 +48 26 25.96 0.593 25.162 0.619 24.650 0.431 0.512 RRab
V823    0 39 53.661 +48 26 30.93 0.381 25.076 0.432 24.610 0.271 0.467 RRc
V824    0 39 53.948 +48 26 18.20 0.710 24.945 0.718 24.395 0.547 0.550 RRab
V825    0 39 54.396 +48 26 21.98 0.735 25.151 0.307 24.551 0.242 0.600 RRab
V826    0 39 54.992 +48 26 13.89 0.642 24.938 0.986 24.401 0.767 0.537 RRab
