scl-CEMV001  V461   ----- 00 55 21.02 -33 41 01.5 0.420876  :: 20.150 19.830 19.460 0.900 0.630 0.000 1 0 RRab
scl-CEMV002  ----   ----- 00 56 09.15 -33 29 20.1 0.3059705 -- 20.326 20.163 19.840 0.298 0.254 0.168 0 1 RRc
scl-CEMV005  ----   ----- 00 56 38.94 -33 24 32.4 0.309746  -- 20.260 20.086 19.778 0.494 0.359 0.165 0 1 RRc
scl-CEMV006  ----   ----- 00 56 48.78 -33 31 16.3 0.3321113 -- 20.333 20.117 19.738 0.568 0.479 0.401 0 1 RRc
scl-CEMV008  ----   ----- 00 57 04.83 -33 45 20.6 0.2813182 -- 20.357 20.047 19.570 0.881 0.576 0.485 2 0 RRc
scl-CEMV010  ----   ----- 00 57 30.30 -33 44 01.7 0.4056391 -- 20.252 19.982 19.637 0.632 0.466 0.265 0 1 RRc
scl-CEMV012  V483   ----- 00 57 41.04 -33 30 21.9 0.3702771 -- 20.307 20.037 19.619 0.740 0.613 0.424 0 1 RRc
scl-CEMV014  V348   ----- 00 57 54.19 -33 37 43.5 0.3837578 -- 20.405 20.131 19.676 0.606 0.469 0.276 0 1 RRc
scl-CEMV015  V301   ----- 00 57 55.25 -33 47 05.1 0.659572  -- 20.418 20.077 19.539 1.075 0.886 0.451 0 1 RRab
scl-CEMV016  V302   ----- 00 57 59.11 -33 39 50.6 0.3955858 -- 20.362 20.101 19.609 0.515 0.442 0.336 0 1 RRc
scl-CEMV018  V363   ----- 00 57 59.90 -33 35 06.7 0.5787198 -- 20.400 20.110 19.586 1.366 1.187 0.700 0 0 RRab
scl-CEMV019  V535   ----- 00 58 01.34 -33 27 36.1 0.3545968 -- 20.347 20.117 19.749 0.734 0.582 0.337 0 1 RRc
scl-CEMV020  V482   ----- 00 58 04.91 -33 31 39.9 0.3621706 -- 20.397 20.151 19.724 0.591 0.499 0.287 0 1 RRc
scl-CEMV021  V520   ----- 00 58 04.83 -33 45 33.3 0.6721255 -- 20.537 20.152 19.546 0.726 0.645 0.336 0 1 RRab
scl-CEMV022  V326   ----- 00 58 12.91 -33 59 05.8 0.5797025 -- 20.414 20.109 19.579 1.210 0.985 0.572 0 1 RRab
scl-CEMV024  V334   ----- 00 58 18.89 -33 49 10.9 0.537455  -- 20.578 20.254 19.831 0.793 0.644 0.399 3 0 RRab
scl-CEMV025  V456   ----- 00 58 19.14 -33 36 29.6 0.5928154 -- 20.468 20.136 19.616 1.202 0.910 0.585 0 1 RRab
scl-CEMV026  ----   ----- 00 58 20.51 -33 26 54.2 0.3934555 -- 20.370 20.120 19.649 0.535 0.418 0.325 0 1 RRc
scl-CEMV027  ----   ----- 00 58 22.85 -33 48 34.8 0.3700876 -- 20.465 20.194 19.742 0.657 0.499 0.368 2 0 RRc
scl-CEMV028  ----   ----- 00 58 31.22 -33 35 27.9 0.3203025 -- 20.388 20.184 19.824 0.705 0.567 0.238 0 1 RRc
scl-CEMV030  ----   ----- 00 58 32.76 -33 46 08.8 0.6897029 -- 20.408 20.036 19.468 0.971 0.725 0.388 0 1 RRab
scl-CEMV031  V399   ----- 00 58 33.54 -33 37 23.7 0.5836000 -- 20.519 20.173 19.606 0.652 0.548 0.306 0 1 RRab
scl-CEMV032  V336   ----- 00 58 34.15 -33 51 25.4 0.5630753 -- 20.574 20.215 19.692 1.101 0.980 0.637 0 1 RRab
scl-CEMV033  V431   ----- 00 58 35.20 -33 46 12.2 0.3609695 -- 20.382 20.138 19.679 0.649 0.522 0.259 0 1 RRc
scl-CEMV034  V303   ----- 00 58 36.35 -33 41 37.3 0.3495360 -- 20.442 20.201 19.803 0.612 0.517 0.325 0 1 RRc
scl-CEMV035  V250   ----- 00 58 43.74 -33 42 06.1 0.6803114 -- 20.415 20.074 19.474 1.108 0.852 0.577 0 1 RRab
scl-CEMV036  ----   ----- 00 58 43.85 -33 21 58.1 0.337761  -- 20.279 20.111 19.754 0.594 0.530 0.269 0 1 RRc
scl-CEMV037  ----   ----- 00 58 44.07 -33 40 26.2 0.6682190 -- 20.344 20.015 19.432 1.251 1.060 0.714 0 1 RRab
scl-CEMV038  V246   ----- 00 58 44.60 -33 57 46.3 0.6700931 -- 20.357 20.043 19.547 1.163 0.961 0.608 0 1 RRab
scl-CEMV039  V556   ----- 00 58 45.04 -33 42 03.1 0.525160  -- 20.505 20.215 19.900 1.167 1.029 0.460 3 0 RRab
scl-CEMV040  ----   ----- 00 58 45.51 -33 38 32.8 0.3107837 -- 20.469 20.239 19.848 0.698 0.533 0.325 3 0 RRc
scl-CEMV042  ----   ----- 00 58 47.73 -33 34 01.5 0.3027722 -- 20.412 20.194 19.839 0.689 0.568 0.343 0 1 RRc
scl-CEMV043  ----   ----- 00 58 48.10 -33 55 48.6 0.2857029 :  20.403 20.216 19.866 0.259 0.242 0.192 2 0 RRc
scl-CEMV044  V485   ----- 00 58 48.46 -33 57 55.5 0.3550839 -- 20.487 20.240 19.831 0.555 0.448 0.211 0 1 RRc
scl-CEMV045  ----   ----- 00 58 49.27 -33 39 58.7 0.638994  -- 20.447 20.122 19.630 0.637 0.618 0.424 2 0 RRab
scl-CEMV046  V135   ----- 00 58 49.35 -33 47 17.0 0.5100380 -- 20.466 20.186 19.786 1.494 1.262 0.723 0 1 RRab
scl-CEMV047  V534   ----- 00 58 50.28 -33 30 31.4 0.4927699 -- 20.551 20.271 19.790 1.320 1.030 0.715 2 0 RRab
scl-CEMV049  V496   ----- 00 58 50.83 -33 51 21.2 0.3651721 -- 20.168 19.972 19.585 0.385 0.313 0.255 3 0 RRc
scl-CEMV050  V460   ----- 00 58 51.56 -33 38 06.7 0.3630319 -- 20.428 20.175 19.762 0.529 0.442 0.169 2 0 RRd
scl-CEMV051  ----   ----- 00 58 51.97 -33 25 19.7 0.780878  -- 20.420 20.042 19.410 0.420 0.297 0.216 0 1 RRab
scl-CEMV052  V298   ----- 00 58 52.15 -33 40 48.6 0.3310315 -- 20.307 20.099 19.724 0.798 0.608 0.426 0 1 RRc
scl-CEMV054  V349   ----- 00 58 53.58 -33 47 35.4 0.7052541 -- 20.470 20.098 19.533 0.869 0.688 0.347 0 1 RRab
scl-CEMV055  ----   ----- 00 58 53.73 -33 35 08.6 0.4858574 :  20.328 20.118 19.791 1.409 1.128 0.408 2 0 RRab
scl-CEMV056  V400   ----- 00 58 53.80 -33 50 03.7 0.3792275 -- 20.378 20.126 19.688 0.594 0.465 0.306 2 0 RRd
scl-CEMV057  V134   ----- 00 58 55.73 -33 49 54.3 0.6853101 -- 20.193 19.875 19.419 1.299 1.122 0.504 0 1 RRab
scl-CEMV058  V350   ----- 00 58 55.95 -33 44 44.8 0.3509157 -- 20.283 20.114 19.698 0.602 0.530 0.229 0 1 RRc
scl-CEMV059  V297   ----- 00 58 56.29 -33 38 59.7 0.3487819 -- 20.388 20.141 19.726 0.641 0.514 0.297 0 1 RRc
scl-CEMV060  V253   ----- 00 58 57.47 -33 29 21.2 0.6199862 -- 20.446 20.124 19.618 1.263 1.049 0.578 0 1 RRab
scl-CEMV061  V220   ----- 00 58 58.06 -33 52 25.0 0.5726723 :  20.442 20.067 19.623 0.880 0.869 0.370 5 0 RRab
scl-CEMV062  V502   ----- 00 58 58.55 -33 48 10.7 0.2787573 -- 20.348 20.184 19.882 0.382 0.304 0.170 0 1 RRc
scl-CEMV063  V378   ----- 00 58 59.57 -34 16 28.4 0.3580544 -- 20.283 20.076 19.520 0.659 0.543 0.831 0 1 RRc
scl-CEMV064  V481   ----- 00 59 00.15 -33 42 32.3 0.7327030 -- 20.410 20.044 19.439 0.859 0.639 0.417 0 1 RRab
scl-CEMV065  V393   ----- 00 59 00.51 -33 26 50.9 0.3588774 -- 20.470 20.209 19.767 0.565 0.456 0.308 0 1 RRc
scl-CEMV066  V548   ----- 00 59 02.04 -33 51 37.9 0.3417124 :  20.445 20.192 19.789 0.516 0.324 0.027 2 0 RRd
scl-CEMV067  V294   ----- 00 59 02.44 -33 42 33.0 0.5220023 -- 20.298 20.084 19.645 1.472 1.158 0.609 0 1 RRab
scl-CEMV068  V501   ----- 00 59 02.44 -33 48 58.6 0.652884  :  20.649 20.312 19.720 0.532 0.378 0.335 1 0 RRab
scl-CEMV069  V133   ----- 00 59 03.59 -33 38 16.2 0.4942949 -- 20.440 20.157 19.652 1.661 1.391 0.814 0 1 RRab
scl-CEMV070  V333   ----- 00 59 03.65 -33 55 26.5 0.6500310 -- 20.406 20.104 19.545 1.055 0.891 0.470 0 1 RRab
scl-CEMV071  V132   ----- 00 59 04.10 -33 40 16.3 0.5864100 -- 20.515 20.166 19.667 1.047 0.777 0.480 0 1 RRab
scl-CEMV072  V218   ----- 00 59 04.22 -33 42 41.5 0.6116670 -- 20.323 20.069 19.564 1.484 1.168 0.629 0 1 RRab
scl-CEMV073  V260   ----- 00 59 04.40 -33 45 35.3 0.2876310 -- 20.435 20.230 19.921 0.686 0.552 0.329 0 1 RRc
scl-CEMV074  ----   ----- 00 59 04.25 -34 03 55.9 0.777326  -- 20.527 20.136 19.400 0.233 0.157 0.361 4 0 RRab
scl-CEMV076  V131   ----- 00 59 04.76 -33 51 11.0 0.5822830 -- 20.549 20.236 19.722 1.040 0.812 0.498 0 1 RRab
scl-CEMV077  ----   ----- 00 59 05.18 -33 29 27.8 0.7738391 -- 20.395 20.034 19.452 0.769 0.603 0.398 0 1 RRab
scl-CEMV078  V300   ----- 00 59 05.34 -33 32 25.3 0.5279503 :  20.336 20.132 19.787 0.516 0.620 0.431 1 0 RRab
scl-CEMV079  V495   ----- 00 59 05.74 -33 51 17.4 0.3568383 -- 20.488 20.225 19.801 0.540 0.443 0.228 0 1 RRc
scl-CEMV080  V516   ----- 00 59 08.08 -33 48 23.9 0.3499820 -- 20.417 20.125 19.743 0.634 0.523 0.416 2 0 RRc
scl-CEMV081  V227   ----- 00 59 08.30 -33 40 49.0 0.5599873 -- 20.532 20.197 19.705 1.102 0.949 0.541 0 1 RRab
scl-CEMV083  V217   ----- 00 59 09.63 -33 42 45.8 0.3549074 -- 20.490 20.228 19.805 0.573 0.415 0.263 2 1 RRc
scl-CEMV084  V258   ----- 00 59 09.58 -33 47 09.6 0.6420571 -- 20.452 20.131 19.600 1.081 0.898 0.520 0 1 RRab
scl-CEMV085  V130   ----- 00 59 09.95 -33 35 27.2 0.5618089 -- 20.375 20.124 19.645 1.453 1.187 0.570 0 1 RRab
scl-CEMV086  V404   ----- 00 59 10.24 -33 44 45.1 0.5281349 -- 20.507 20.201 19.750 0.769 0.764 0.559 3 0 RRab
scl-CEMV087  V216   ----- 00 59 10.48 -33 39 54.2 0.5689623 -- 20.508 20.166 19.658 1.378 1.119 0.593 0 1 RRab
scl-CEMV088  ----   ----- 00 59 11.58 -33 37 49.9 0.5135070 -- 20.460 20.180 19.733 1.185 0.886 0.652 0 1 RRab
scl-CEMV089  ----   ----- 00 59 11.50 -33 43 36.8 0.3581616 -- 20.455 20.194 19.746 0.539 0.441 0.275 3 0 RRc
scl-CEMV090  ----   ----- 00 59 11.77 -33 36 10.8 0.3562487 -- 20.484 20.222 19.810 0.552 0.434 0.191 3 0 RRc
scl-CEMV091  ----   ----- 00 59 12.03 -33 42 30.5 0.7664330 -- 20.415 20.022 19.462 0.707 0.609 0.314 3 0 RRab
scl-CEMV092  V14    ----- 00 59 13.41 -33 43 59.4 0.5440512 -- 20.408 20.115 19.704 1.503 1.210 0.742 0 1 RRab
scl-CEMV093  V510   ----- 00 59 13.49 -33 45 43.9 0.3495626 -- 20.499 20.223 19.806 0.450 0.466 0.294 2 0 RRd
scl-CEMV094  V256   ----- 00 59 13.79 -33 22 29.4 0.689117  -- 20.493 20.143 19.570 0.878 0.761 0.437 0 1 RRab
scl-CEMV095  V215   ----- 00 59 14.29 -33 36 14.4 0.5880880 -- 20.436 20.111 19.625 1.315 1.037 0.630 0 1 RRab
scl-CEMV096  V128   ----- 00 59 14.57 -33 48 10.5 0.5028263 -- 20.540 20.272 19.836 1.037 0.819 0.520 5 0 RRab
scl-CEMV097  V129   ----- 00 59 14.84 -33 39 32.7 0.5066312 -- 20.444 20.202 19.734 1.662 1.336 0.701 0 1 RRab
scl-CEMV098  ----   ----- 00 59 14.77 -33 45 10.0 0.3488206 -- 20.237 20.024 19.667 0.475 0.354 0.213 0 1 RRc
scl-CEMV099  V515   ----- 00 59 15.21 -33 44 20.9 0.6660121 -- 20.387 20.081 19.510 1.022 0.730 0.465 1 0 RRab
scl-CEMV100  ----   ----- 00 59 15.69 -33 52 46.8 0.2806155 -- 20.318 20.143 19.833 0.141 0.102 0.099 4 0 RRc
scl-CEMV102  V568   ----- 00 59 16.56 -33 29 45.4 0.3540555 -- 20.469 20.195 19.756 0.566 0.460 0.230 2 0 RRd
scl-CEMV103  V459   ----- 00 59 16.45 -33 40 20.2 0.3585436 -- 20.504 20.193 19.723 0.461 0.348 0.263 2 0 RRd
scl-CEMV104  V389   ----- 00 59 16.74 -33 41 45.3 0.3559336 -- 20.398 20.130 19.679 0.736 0.589 0.316 2 0 RRc
scl-CEMV106  V230   ----- 00 59 17.14 -33 43 12.2 0.6394425 -- 20.395 20.045 19.527 1.347 1.048 0.612 0 1 RRab
scl-CEMV107  ----   ----- 00 59 17.31 -33 35 35.1 0.3846681 -- 20.198 19.977 19.595 0.665 0.519 0.311 0 1 RRc
scl-CEMV108  V517   ----- 00 59 17.47 -33 48 07.7 0.7100453 -- 20.336 19.986 19.498 1.219 0.941 0.590 0 1 RRab
scl-CEMV109  V296   ----- 00 59 18.40 -33 39 28.6 0.2860170 -- 20.410 20.230 19.904 0.682 0.543 0.291 0 1 RRc
scl-CEMV110  V127   ----- 00 59 18.80 -33 52 28.7 0.6855105 -- 20.341 20.012 19.448 1.050 0.861 0.509 0 1 RRab
scl-CEMV111  V232   ----- 00 59 19.07 -33 42 08.0 0.5076465 -- 20.319 20.124 19.744 1.955 1.204 0.576 2 0 RRab
scl-CEMV112  V214   ----- 00 59 19.30 -33 36 39.1 0.3550091 -- 20.498 20.208 19.782 0.570 0.428 0.277 0 1 RRc
scl-CEMV113  ----   ----- 00 59 19.25 -34 13 27.1 0.418968  -- 20.323 20.049 19.507 0.476 0.371 0.462 0 1 RRc
scl-CEMV114  V422   ----- 00 59 19.67 -33 58 22.9 0.6348082 -- 20.440 20.177 19.744 0.750 0.549 0.303 2 0 RRab
scl-CEMV115  V371   ----- 00 59 19.80 -33 49 43.7 0.3677510 -- 20.417 20.145 19.715 0.588 0.464 0.308 0 1 RRc
scl-CEMV116  V213   ----- 00 59 19.83 -33 55 12.9 0.6068866 -- 20.469 20.117 19.601 1.301 0.801 0.703 5 0 RRab
scl-CEMV118  ----   ----- 00 59 21.36 -33 40 58.4 0.3384301 -- 20.360 20.141 19.747 0.670 0.558 0.306 0 1 RRc
scl-CEMV119  V126   ----- 00 59 21.94 -33 36 51.6 0.2947553 -- 20.364 20.146 19.836 0.628 0.508 0.285 0 1 RRc
scl-CEMV120  V295   ----- 00 59 21.97 -33 46 43.0 0.5913683 -- 20.492 20.158 19.707 1.257 1.058 0.561 0 1 RRab
scl-CEMV122  V212   ----- 00 59 23.24 -33 44 19.6 0.3715502 -- 20.341 20.105 19.667 0.624 0.510 0.276 0 1 RRc
scl-CEMV123  ----   ----- 00 59 23.79 -33 41 49.5 0.6089442 -- 20.657 20.269 19.687 0.714 0.585 0.259 0 1 RRab
scl-CEMV124  ----   ----- 00 59 24.10 -33 42 58.2 0.3599114 -- 20.434 20.180 19.778 0.576 0.510 0.415 2 0 RRd
scl-CEMV125  V499   ----- 00 59 24.23 -33 42 44.4 0.5249250 -- 20.483 20.233 19.693 1.286 1.084 0.550 5 0 RRab
scl-CEMV126  V125   ----- 00 59 24.69 -33 46 44.0 0.5187018 -- 20.486 20.193 19.768 1.540 1.290 0.772 0 1 RRab
scl-CEMV127  V476   ----- 00 59 24.91 -33 38 35.2 0.3778837 -- 20.395 20.075 19.687 0.539 0.381 0.199 3 0 RRc
scl-CEMV128  V403   ----- 00 59 25.43 -33 39 19.8 0.3572890 -- 20.458 20.185 19.748 0.484 0.397 0.242 0 1 RRc
scl-CEMV129  ----   ----- 00 59 25.39 -33 42 40.0 0.2682977 -- 20.400 20.208 19.949 0.220 0.177 0.071 4 0 RRc
scl-CEMV130  V357   ----- 00 59 26.09 -33 16 36.2 0.3125318 -- 20.402 20.191 19.832 0.696 0.712 0.425 0 1 RRc
scl-CEMV131  ----   ----- 00 59 26.06 -33 39 50.8 0.3305584 -- 20.208 20.018 19.667 0.170 0.141 0.131 4 0 RRc
scl-CEMV132  V211   ----- 00 59 26.72 -33 41 24.3 0.5005220 -- 20.516 20.238 19.814 1.601 1.284 0.638 0 1 RRab
scl-CEMV133  V259   ----- 00 59 26.94 -33 34 41.3 0.3699892 -- 20.273 20.052 19.638 0.587 0.531 0.251 0 1 RRc
scl-CEMV134  V504   ----- 00 59 27.65 -33 33 15.6 0.3868446 -- 20.382 20.100 19.629 0.551 0.441 0.263 0 1 RRc
scl-CEMV135  V1     ----- 00 59 27.71 -33 39 33.5 0.5072977 :: 20.609 20.162 19.622 1.052 1.252 1.028 3 0 RRab
scl-CEMV137  V390   ----- 00 59 27.63 -33 47 03.3 0.5806611 -- 20.580 20.235 19.696 1.084 0.803 0.571 3 0 RRab
scl-CEMV139  V262   ----- 00 59 28.23 -33 35 09.6 0.5921985 -- 20.466 20.165 19.652 1.181 1.049 0.620 0 1 RRab
scl-CEMV141  V316   ----- 00 59 28.87 -33 38 19.5 0.3643794 -- 20.424 20.167 19.732 0.473 0.454 0.351 2 0 RRd
scl-CEMV142  V209   ----- 00 59 29.09 -33 42 23.6 0.5396832 -- 20.548 20.218 19.760 1.291 0.989 0.496 3 0 RRab
scl-CEMV143  V124   ----- 00 59 29.52 -33 50 29.0 0.5396216 -- 20.545 20.221 19.717 1.276 1.104 0.729 0 1 RRab
scl-CEMV144  V123   ----- 00 59 29.83 -33 45 29.5 0.5661988 -- 20.457 20.190 19.725 1.348 1.072 0.667 0 1 RRab
scl-CEMV145  V122   ----- 00 59 30.06 -33 42 09.0 0.5830057 -- 20.434 20.151 19.656 1.078 0.934 0.576 0 1 RRab
scl-CEMV146  V2     ----- 00 59 30.39 -33 41 08.0 0.5382070 -- 20.430 20.146 19.726 1.038 0.776 0.404 2 0 RRab
scl-CEMV147  ----   ----- 00 59 30.85 -33 37 48.8 0.4998274 -- 20.542 20.275 19.817 1.572 1.336 0.761 0 1 RRab
scl-CEMV148  V519   ----- 00 59 31.49 -33 41 51.8 0.3597234 -- 20.443 20.193 19.720 0.497 0.406 0.273 0 1 RRc
scl-CEMV149  ----   ----- 00 59 31.73 -33 32 01.6 0.3504119 -- 20.511 20.222 19.763 0.517 0.420 0.217 2 0 RRc
scl-CEMV150  V121   ----- 00 59 31.91 -33 37 39.6 0.3225858 -- 20.368 20.152 19.793 0.613 0.521 0.478 3 0 RRc
scl-CEMV151  V207   ----- 00 59 31.96 -33 42 56.2 0.5030726 :  20.491 20.188 19.595 1.002 0.755 0.490 1 0 RRab
scl-CEMV152  ----   ----- 00 59 32.20 -33 39 57.6 0.3221932 -- 20.437 20.188 19.772 0.597 0.544 0.342 2 0 RRd
scl-CEMV153  V494   ----- 00 59 32.14 -33 47 41.8 0.3519466 -- 20.464 20.215 19.785 0.513 0.414 0.237 0 1 RRc
scl-CEMV154  V543   ----- 00 59 32.64 -33 24 53.0 0.771537  -- 20.473 20.086 19.460 0.464 0.339 0.197 0 1 RRab
scl-CEMV155  V347   ----- 00 59 32.60 -33 38 15.1 0.3524399 -- 20.194 19.982 19.604 0.840 0.706 0.443 0 1 RRc
scl-CEMV156  V120   ----- 00 59 32.73 -33 46 48.6 0.5543644 -- 20.480 20.177 19.708 1.455 1.157 0.692 0 1 RRab
scl-CEMV157  ----   ----- 00 59 32.96 -33 47 23.9 0.2624071 -- 20.374 20.202 19.903 0.135 0.101 0.064 4 0 RRc
scl-CEMV158  ----   ----- 00 59 33.71 -33 35 28.2 0.3555612 -- 20.455 20.221 19.782 0.584 0.451 0.251 0 1 RRc
scl-CEMV161  V509   ----- 00 59 33.95 -33 41 46.4 0.3966956 -- 20.463 20.143 19.661 0.510 0.375 0.090 1 0 RRd
scl-CEMV162  K1178  ----- 00 59 34.37 -33 35 34.9 0.4235951 -- 20.200 19.968 19.548 0.547 0.476 0.261 2 0 RRc
scl-CEMV163  V451   ----- 00 59 34.59 -33 42 34.1 0.7571306 -- 20.327 19.918 19.356 0.703 0.615 0.374 0 1 RRab
scl-CEMV165  V117   ----- 00 59 35.43 -33 47 45.3 0.6047884 -- 20.465 20.149 19.646 1.288 0.933 0.643 0 1 RRab
scl-CEMV166  V118   K1256 00 59 35.85 -33 35 57.5 0.5871927 -- 20.528 20.223 19.699 1.127 0.915 0.458 0 1 RRab
scl-CEMV167  V206   K853  00 59 36.18 -33 42 07.4 0.5193191 -- 20.493 20.205 19.716 0.917 0.655 0.371 0 1 RRab
scl-CEMV169  K1204  ----- 00 59 36.55 -33 38 29.3 0.2923236 -- 20.372 20.167 19.838 0.632 0.523 0.314 2 0 RRc
scl-CEMV170  K771   ----- 00 59 36.58 -33 41 40.5 0.8119659 -- 20.344 19.971 19.338 0.404 0.311 0.187 0 1 RRab
scl-CEMV171  V331   ----- 00 59 36.70 -33 51 32.1 1.214890  :: 21.686 20.384 19.214 0.283 0.186 0.215 1 0 RRab
scl-CEMV172  K493   ----- 00 59 36.98 -33 43 08.4 0.6868837 -- 20.432 20.088 19.499 1.137 0.915 0.599 0 1 RRab
scl-CEMV173  V205   ----- 00 59 37.21 -33 34 31.6 0.3588418 -- 20.445 20.183 19.749 0.583 0.508 0.391 0 1 RRc
scl-CEMV174  ----   ----- 00 59 37.39 -33 20 50.9 0.3461421 -- 20.263 20.058 19.729 0.601 0.497 0.292 0 1 RRc
scl-CEMV175  V116   K385  00 59 37.54 -33 43 10.9 0.6284553 -- 20.467 20.083 19.593 1.249 0.954 0.596 2 0 RRab
scl-CEMV176  V17    K356  00 59 37.49 -33 44 19.4 0.5694500 :  20.782 20.470 19.916 1.337 1.176 0.737 1 0 RRab
scl-CEMV177  K782   ----- 00 59 37.69 -33 41 19.8 0.4854909 -- 20.440 20.221 19.727 1.724 1.300 0.728 0 1 RRab
scl-CEMV178  V549   K462  00 59 37.63 -33 44 03.0 0.5249664 -- 20.551 20.227 19.758 1.441 1.160 0.646 0 1 RRab
scl-CEMV179  V317   ----- 00 59 37.98 -33 28 42.4 0.5785118 -- 20.335 20.111 19.635 1.541 1.247 0.727 0 1 RRab
scl-CEMV180  V388   K860  00 59 37.80 -33 41 46.9 0.3595277 -- 20.462 20.191 19.768 0.516 0.433 0.268 0 1 RRc
scl-CEMV182  V290   ----- 00 59 38.21 -33 25 22.6 0.3248987 -- 20.415 20.185 19.772 0.704 0.597 0.386 0 1 RRc
scl-CEMV183  K1164  ----- 00 59 38.39 -33 36 59.1 0.6061905 -- 20.595 20.246 19.697 0.890 0.759 0.352 0 1 RRab
scl-CEMV184  V387   K361  00 59 38.71 -33 44 00.9 0.29758836 -- 20.420 20.193 19.842 0.680 0.563 0.392 0 1 RRc
scl-CEMV185  V552   K321  00 59 38.90 -33 45 45.3 0.6017956 -- 20.484 20.137 19.613 1.165 0.893 0.519 0 1 RRab
scl-CEMV187  V114   ----- 00 59 39.44 -33 33 08.5 0.3813162 -- 20.411 20.100 19.681 0.539 0.517 0.269 2 0 RRd
scl-CEMV188  V330   ----- 00 59 39.84 -33 51 38.8 0.3022237 -- 20.349 20.176 19.849 0.503 0.415 0.246 0 1 RRc
scl-CEMV189  K71    ----- 00 59 40.41 -33 47 13.0 0.4349900 -- 20.297 20.021 19.550 0.513 0.384 0.253 0 1 RRc
scl-CEMV190  V441   ----- 00 59 40.40 -33 53 03.6 0.3537393 -- 20.457 20.201 19.758 0.498 0.424 0.253 2 0 RRd
scl-CEMV191  V113   K463  00 59 41.13 -33 43 59.7 0.5684214 -- 20.482 20.183 19.643 1.401 1.041 0.524 0 1 RRab
scl-CEMV192  ----   ----- 00 59 41.60 -33 33 55.2 0.3314081 -- 20.436 20.200 19.812 0.676 0.558 0.327 0 1 RRc
scl-CEMV193  V597   K1168 00 59 41.57 -33 36 24.4 0.4031196 -- 20.318 20.022 19.549 0.600 0.461 0.350 2 0 RRd
scl-CEMV195  V112   K33   00 59 41.99 -33 49 56.3 0.3093308 -- 20.279 20.064 19.775 0.528 0.385 0.284 3 0 RRd
scl-CEMV197  V111   K357  00 59 42.70 -33 44 12.9 0.5580228 -- 20.522 20.208 19.700 1.276 0.903 0.489 2 0 RRab
scl-CEMV198  V203   K416  00 59 42.70 -33 45 44.8 0.52601518 -- 20.550 20.212 19.764 1.528 1.204 0.628 0 1 RRab
scl-CEMV199  K793   ----- 00 59 42.88 -33 40 39.2 0.3599281 -- 20.443 20.168 19.722 0.507 0.398 0.240 0 1 RRc
scl-CEMV200  V508   K368  00 59 42.88 -33 43 45.8 0.3589494 -- 20.383 20.128 19.578 0.515 0.416 0.226 0 1 RRc
scl-CEMV201  K1149  ----- 00 59 43.10 -33 37 50.4 0.3236941 -- 20.247 20.054 19.742 0.150 0.122 0.069 4 0 RRc
scl-CEMV202  K763   ----- 00 59 43.28 -33 41 47.5 0.2931108 -- 20.363 20.148 19.830 0.663 0.537 0.368 2 0 RRc
scl-CEMV204  V4     K786  00 59 43.40 -33 41 01.2 0.27909006 -- 20.393 20.214 19.886 0.572 0.457 0.246 0 1 RRc
scl-CEMV205  V392   ----- 00 59 43.61 -33 31 56.5 0.3363944 -- 20.417 20.207 19.832 0.643 0.518 0.290 0 1 RRc
scl-CEMV206  V242   ----- 00 59 44.19 -33 22 24.0 0.69500   -- 20.284 19.987 19.454 1.181 0.974 0.540 0 1 RRab
scl-CEMV207  V234   K411  00 59 44.07 -33 45 47.4 0.2273371 :  20.373 20.176 19.847 0.369 0.308 0.228 1 0 RRc
scl-CEMV208  V110   K37   00 59 44.07 -33 49 29.8 0.5085475 -- 20.409 20.146 19.692 1.082 0.855 0.555 3 0 RRab
scl-CEMV209  V429   ----- 00 59 44.26 -33 58 44.2 0.3085019 -- 20.410 20.199 19.849 0.696 0.573 0.349 0 1 RRc
scl-CEMV210  V497   ----- 00 59 44.33 -33 25 50.3 0.3826635 -- 20.333 20.057 19.585 0.603 0.475 0.296 2 0 RRc
scl-CEMV211  V428   ----- 00 59 44.37 -34 01 26.7 0.5397082 -- 20.556 20.220 19.723 1.101 0.730 0.386 3 0 RRab
scl-CEMV212  V105   K753  00 59 44.91 -33 42 12.8 0.4899875 -- 20.508 20.215 19.815 1.358 1.293 0.714 0 1 RRab
scl-CEMV213  V533   ----- 00 59 45.02 -33 31 55.5 0.6654718 -- 20.404 20.062 19.512 1.172 0.840 0.671 0 1 RRab
scl-CEMV214  K1132  ----- 00 59 45.21 -33 38 56.3 0.6316118 -- 20.645 20.257 19.628 0.659 0.511 0.496 0 1 RRab
scl-CEMV215  V518   K366  00 59 45.07 -33 43 44.2 0.6850373 -- 20.487 20.113 19.534 0.792 0.583 0.355 0 1 RRab
scl-CEMV216  V104   K439  00 59 45.18 -33 44 32.0 0.4959264 -- 20.475 20.181 19.887 1.498 1.183 0.451 5 0 RRab
scl-CEMV217  ----   ----- 00 59 45.13 -33 49 56.0 0.3254433 -- 20.238 20.052 19.738 0.117 0.094 0.046 4 0 RRc
scl-CEMV218  V15    K1142 00 59 45.35 -33 38 11.2 0.6707995 -- 20.241 19.857 19.294 0.851 0.806 0.491 0 1 RRab
scl-CEMV219  K54    ----- 00 59 45.74 -33 47 44.7 0.6145016 -- 20.611 20.236 19.711 0.829 0.673 0.332 3 0 RRab
scl-CEMV220  V199   K803  00 59 46.25 -33 40 07.0 0.5736596 -- 20.434 20.108 19.650 1.390 1.064 0.730 0 1 RRab
scl-CEMV222  V343   ----- 00 59 47.36 -33 21 15.1 0.281550  -- 20.421 20.242 19.925 0.629 0.515 0.281 0 1 RRc
scl-CEMV223  K1261  ----- 00 59 47.35 -33 35 31.0 0.6303811 -- 20.625 20.262 19.695 0.752 0.584 0.410 0 1 RRab
scl-CEMV225  K1139  ----- 00 59 48.38 -33 38 17.7 0.51894376 -- 20.452 20.171 19.731 1.529 1.225 0.700 0 1 RRab
scl-CEMV226  V197   K811  00 59 48.68 -33 39 45.7 0.3631409 -- 20.470 20.178 19.740 0.538 0.423 0.244 0 1 RRc
scl-CEMV229  V196   ----- 00 59 49.93 -33 34 00.5 0.678952  -- 20.604 20.183 19.591 0.493 0.402 0.266 0 1 RRab
scl-CEMV230  V102   K3024 00 59 51.07 -33 37 38.9 0.5786639 -- 20.465 20.181 19.669 1.388 0.907 0.372 2 0 RRab
scl-CEMV232  V261   ----- 00 59 51.17 -34 03 32.3 1.155896  :: 20.121 20.062 19.732 1.431 0.805 0.217 1 0 RRab
scl-CEMV233  K59    ----- 00 59 51.32 -33 47 23.5 0.3596490 -- 20.478 20.205 19.773 0.497 0.392 0.244 0 1 RRc
scl-CEMV234  V192   ----- 00 59 51.43 -33 54 18.6 0.5378985 -- 20.519 20.210 19.749 1.057 0.913 0.578 0 1 RRab
scl-CEMV235  V101   K2502 00 59 51.71 -33 40 16.8 0.4874935 -- 20.575 20.230 19.878 1.223 1.067 0.541 3 0 RRab
scl-CEMV236  V191   K377  00 59 51.71 -33 43 14.9 0.29522868 -- 20.354 20.124 19.779 0.600 0.482 0.277 0 1 RRc
scl-CEMV237  V523   K38   00 59 51.65 -33 49 11.7 0.3712308 -- 20.425 20.143 19.689 0.517 0.380 0.292 3 0 RRc
scl-CEMV238  K2455  ----- 00 59 51.75 -33 41 23.8 0.6362323 -- 20.584 20.179 19.616 0.531 0.440 0.228 3 0 RRab
scl-CEMV239  V320   ----- 00 59 52.14 -33 26 51.7 0.6450841 -- 20.379 20.060 19.493 0.880 0.769 0.519 0 1 RRab
scl-CEMV240  V100   K2627 00 59 52.25 -33 41 11.4 0.5750844 -- 20.531 20.166 19.647 1.077 0.874 0.465 0 1 RRab
scl-CEMV242  K2482  ----- 00 59 52.64 -33 40 52.5 0.2678771 -- 20.382 20.197 19.898 0.162 0.142 0.063 4 0 RRc
scl-CEMV243  V99    K406  00 59 52.92 -33 45 44.9 0.5501972 -- 20.547 20.236 19.812 0.940 0.746 0.406 0 1 RRab
scl-CEMV245  V391   ----- 00 59 53.17 -33 22 26.6 0.3371426 -- 20.259 20.038 19.581 0.743 0.595 0.295 0 1 RRc
scl-CEMV246  V190   K2424 00 59 53.24 -33 42 12.3 0.3487864 -- 20.409 20.163 19.731 0.603 0.479 0.321 0 1 RRc
scl-CEMV247  ----   ----- 00 59 53.23 -33 47 51.3 0.5495083 -- 20.200 19.610 18.880 0.890 0.430 0.270 2 0 RRab
scl-CEMV248  V426   ----- 00 59 53.34 -33 50 24.7 0.3505562 -- 20.467 20.213 19.830 0.547 0.433 0.183 0 1 RRc
scl-CEMV249  K3044  ----- 00 59 53.49 -33 36 20.0 0.3539298 -- 20.320 19.997 19.565 0.632 0.429 0.103 2 0 RRd
scl-CEMV250  K116   ----- 00 59 53.56 -33 47 54.5 0.7359427 -- 20.458 20.071 19.527 0.700 0.562 0.369 0 1 RRab
scl-CEMV251  V293   K1823 00 59 53.86 -33 44 19.2 0.2984674 -- 20.493 20.265 19.849 0.599 0.526 0.294 2 0 RRc
scl-CEMV252  V98    K1558 00 59 53.85 -33 46 51.9 0.353666  :: 20.532 20.282 19.784 0.320 0.206 0.258 1 0 RRd
scl-CEMV253  V189   K2575 00 59 54.42 -33 42 25.1 0.6110869 -- 20.400 19.992 19.440 1.010 0.860 0.429 0 1 RRab
scl-CEMV255  V6     K1932 00 59 54.73 -33 45 31.4 0.5060425 -- 20.494 20.174 19.786 1.650 1.280 0.572 0 1 RRab
scl-CEMV256  K2566  ----- 00 59 54.99 -33 42 35.0 0.5835243 -- 20.602 20.223 19.672 1.073 0.880 0.546 0 1 RRab
scl-CEMV257  V96    K1877 00 59 54.99 -33 42 55.5 0.3615180 -- 20.421 20.239 19.731 0.500 0.304 0.255 1 0 RRd
scl-CEMV258  V22    ----- 00 59 55.23 -33 52 54.6 0.3749730 :  20.490 20.218 19.785 0.695 0.514 0.315 1 0 RRd
scl-CEMV259  V188   K3004 00 59 55.49 -33 38 17.9 0.7154865 -- 20.525 20.107 19.493 0.697 0.556 0.524 0 1 RRab
scl-CEMV260  V94    K1899 00 59 55.48 -33 46 08.8 0.6466693 -- 20.320 19.980 19.521 1.122 0.984 0.494 0 1 RRab
scl-CEMV261  ----   ----- 00 59 55.32 -33 52 40.3 0.2698152 -- 20.318 20.148 19.847 0.168 0.128 0.078 4 0 RRc
scl-CEMV262  ----   ----- 00 59 55.33 -33 59 58.1 0.7601662 -- 20.265 19.951 19.379 1.147 0.842 0.518 0 1 RRab
scl-CEMV263  V376   ----- 00 59 55.39 -34 01 32.5 0.548810  -- 20.458 20.149 19.676 0.998 0.757 0.752 0 1 RRab
scl-CEMV264  K1824  ----- 00 59 55.72 -33 44 13.8 0.4753742 :  20.131 19.925 19.440 0.451 0.404 0.241 1 0 RRd
scl-CEMV265  V367   K1491 00 59 55.78 -33 49 21.2 0.3578636 -- 20.459 20.202 19.782 0.548 0.414 0.283 0 1 RRc
scl-CEMV266  V185   ----- 00 59 55.77 -33 52 35.5 0.3759922 -- 20.489 20.182 19.735 0.497 0.465 0.323 2 0 RRd
scl-CEMV267  V229   K1940 00 59 55.88 -33 45 18.7 0.6929440 -- 20.512 20.108 19.530 0.719 0.621 0.363 0 1 RRab
scl-CEMV268  V95    K1873 00 59 56.13 -33 42 57.6 0.29229641 -- 20.405 20.192 19.836 0.670 0.552 0.308 0 1 RRc
scl-CEMV269  V186   K2699 00 59 56.29 -33 39 01.8 0.4848661 -- 20.571 20.142 19.575 1.201 0.640 0.239 3 0 RRab
scl-CEMV271  V187   ----- 00 59 56.61 -33 31 54.2 0.6485459 -- 20.517 20.123 19.581 1.094 0.870 0.560 0 1 RRab
scl-CEMV272  V92    K2555 00 59 56.68 -33 40 43.9 0.5026466 -- 20.489 20.192 19.737 1.579 1.280 0.647 0 1 RRab
scl-CEMV273  K2425  ----- 00 59 56.72 -33 42 06.5 0.8779088 -- 20.375 19.954 19.326 0.399 0.315 0.237 0 0 RRab
scl-CEMV274  V231   K2552 00 59 56.96 -33 41 55.9 0.5344646 -- 20.569 20.244 19.740 1.365 1.117 0.573 0 1 RRab
scl-CEMV275  V93    K3113 00 59 57.36 -33 36 41.1 0.5932547 -- 20.421 20.103 19.630 1.278 0.994 0.690 0 1 RRab
scl-CEMV276  K3019  ----- 00 59 57.37 -33 37 53.8 0.7329675 -- 20.418 20.050 19.472 0.839 0.646 0.362 0 1 RRab
scl-CEMV277  V91    K2450 00 59 57.37 -33 41 32.8 0.6179653 -- 20.426 20.059 19.620 1.190 0.910 0.504 0 1 RRab
scl-CEMV278  V453   K2421 00 59 57.82 -33 42 10.7 0.4083324 -- 20.336 20.034 19.570 0.590 0.481 0.226 0 1 RRc
scl-CEMV279  V89    K1555 00 59 57.77 -33 46 53.7 0.5272423 -- 20.393 20.149 19.692 0.954 0.976 0.829 1 0 RRab
scl-CEMV280  V9     K1566 00 59 58.10 -33 46 37.3 0.5702768 -- 20.404 20.103 19.612 1.263 1.012 0.631 0 1 RRab
scl-CEMV281  V600   ----- 00 59 58.35 -33 25 51.9 0.3335729 -- 20.349 20.123 19.715 0.749 0.586 0.332 3 0 RRc
scl-CEMV282  V454   K1874 00 59 58.41 -33 42 55.4 0.3705825 -- 20.272 20.053 19.631 0.673 0.547 0.267 1 0 RRc
scl-CEMV283  ----   ----- 00 59 58.63 -33 20 42.4 0.400787  -- 20.369 20.105 19.619 0.525 0.416 0.124 0 1 RRc
scl-CEMV287  V88    K2689 00 59 58.83 -33 39 06.4 0.5113434 -- 20.358 20.152 19.720 1.459 1.204 0.789 0 1 RRab
scl-CEMV288  V90    K1411 00 59 58.88 -33 49 19.2 0.6646277 -- 20.352 19.993 19.459 1.245 0.861 0.590 0 1 RRab
scl-CEMV290  V237   K2991 00 59 58.95 -33 38 46.4 0.5526804 -- 20.500 20.218 19.737 1.266 0.907 0.636 2 0 RRab
scl-CEMV291  V507   K2606 00 59 59.05 -33 41 38.2 0.5852241 -- 20.696 20.255 19.714 0.755 0.655 0.517 2 0 RRab
scl-CEMV292  V18    K2639 00 59 59.41 -33 40 44.5 0.28961205 -- 20.418 20.189 19.865 0.614 0.544 0.307 0 1 RRc
scl-CEMV293  V236   K2470 00 59 59.62 -33 40 54.8 0.6934928 -- 20.491 20.101 19.511 0.609 0.404 0.334 5 0 RRab
scl-CEMV294  V87    K2059 00 59 59.77 -33 42 34.6 0.4969421 -- 20.315 20.114 19.761 1.413 1.097 0.639 2 0 RRab
scl-CEMV295  V86    K1546 00 59 59.74 -33 47 12.5 0.5312367 -- 20.481 20.191 19.735 1.471 1.177 0.687 0 1 RRab
scl-CEMV297  V85    K1941 01 00 00.43 -33 45 14.4 0.3656719 -- 20.419 20.130 19.697 0.520 0.415 0.260 0 1 RRc
scl-CEMV298  V470   ----- 01 00 00.74 -33 27 30.4 0.3593493 -- 20.478 20.174 19.674 0.458 0.404 0.200 0 1 RRc
scl-CEMV299  V183   K1838 01 00 00.66 -33 43 43.5 0.7075947 -- 20.300 20.001 19.488 1.218 0.924 0.511 0 1 RRab
scl-CEMV300  ----   ----- 01 00 00.85 -33 31 17.1 0.806830  -- 20.480 20.048 19.435 0.399 0.305 0.204 3 0 RRab
scl-CEMV301  V449   K3016 01 00 00.88 -33 37 55.5 0.3603253 -- 20.456 20.172 19.736 0.579 0.457 0.248 0 1 RRc
scl-CEMV302  V84    K1457 01 00 01.08 -33 47 06.2 0.7177902 -- 20.273 19.976 19.347 1.160 0.984 0.779 0 1 RRab
scl-CEMV304  V386   K1519 01 00 01.53 -33 48 05.0 0.3568514 -- 20.514 20.229 19.825 0.550 0.439 0.226 0 1 RRc
scl-CEMV305  V241   K2545 01 00 01.65 -33 39 04.8 0.6740550 -- 20.359 20.042 19.479 1.135 0.949 0.602 0 1 RRab
scl-CEMV306  V83    K2410 01 00 01.78 -33 42 26.7 0.5318349 -- 20.474 20.167 19.656 1.007 0.907 0.687 5 0 RRab
scl-CEMV307  V384   K1890 01 00 01.57 -33 45 53.1 0.3637599 -- 20.426 20.155 19.723 0.601 0.502 0.303 0 1 RRc
scl-CEMV308  V266   ----- 01 00 01.75 -33 54 42.5 0.6731379 -- 20.456 20.108 19.546 1.011 0.765 0.582 0 1 RRab
scl-CEMV309  K2021  ----- 01 00 02.01 -33 43 27.0 0.6228884 -- 20.556 20.157 19.569 0.586 0.609 0.412 5 0 RRab
scl-CEMV310  V427   K2048 01 00 02.19 -33 42 41.6 0.3583719 -- 20.468 20.189 19.732 0.535 0.495 0.312 1 0 RRd
scl-CEMV311  K2471  ----- 01 00 02.30 -33 40 50.7 0.6488775 -- 20.516 20.142 19.552 0.712 0.731 0.551 5 0 RRab
scl-CEMV312  ----   ----- 01 00 02.29 -34 18 59.9 0.388129  -- 20.364 20.138 19.666 0.607 0.511 0.106 0 1 RRc
scl-CEMV313  V383   K2458 01 00 02.68 -33 41 08.7 0.3576873 -- 20.470 20.170 19.740 0.526 0.403 0.260 0 1 RRc
scl-CEMV314  V440   ----- 01 00 02.99 -33 53 27.7 0.3681475 -- 20.473 20.203 19.718 0.573 0.412 0.307 2 0 RRd
scl-CEMV315  V576   K3104 01 00 03.18 -33 36 58.7 0.3568450 -- 20.481 20.198 19.769 0.494 0.485 0.318 2 0 RRd
scl-CEMV316  V233   K3026 01 00 03.13 -33 37 23.4 0.6454441 -- 20.381 20.064 19.568 1.199 0.963 0.405 0 1 RRab
scl-CEMV318  K3009  ----- 01 00 03.64 -33 37 58.6 0.3601656 -- 20.314 20.057 19.634 0.656 0.594 0.389 2 0 RRc
scl-CEMV319  V446   K2528 01 00 03.57 -33 39 40.4 0.6032386 -- 20.397 20.039 19.472 0.982 0.809 0.660 0 1 RRab
scl-CEMV320  V82    K1914 01 00 03.64 -33 45 48.2 0.5705724 -- 20.619 20.230 19.709 0.617 0.654 0.359 2 0 RRab
scl-CEMV321  V471   ----- 01 00 03.76 -33 19 46.4 0.769715  -- 20.373 19.999 19.399 0.837 0.639 0.456 0 1 RRab
scl-CEMV322  V462   K3143 01 00 04.40 -33 35 08.3 0.3520915 -- 20.543 20.221 19.711 0.401 0.424 0.214 2 0 RRd
scl-CEMV323  V472   ----- 01 00 04.55 -33 22 22.2 0.425006  -- 20.315 20.039 19.588 0.582 0.465 0.303 0 1 RRc
scl-CEMV324  V8     K1830 01 00 04.61 -33 44 00.9 0.5178780 -- 20.551 20.207 19.719 1.380 1.193 0.518 5 0 RRab
scl-CEMV326  V180   K3126 01 00 04.82 -33 35 53.6 0.3529471 -- 20.456 20.202 19.777 0.605 0.458 0.245 0 1 RRc
scl-CEMV327  V309   ----- 01 00 04.88 -33 50 01.2 0.34776708 -- 20.449 20.215 19.775 0.604 0.483 0.301 0 1 RRc
scl-CEMV328  V81    ----- 01 00 04.94 -33 31 36.1 0.5603639 -- 20.548 20.234 19.750 1.321 1.058 0.461 0 1 RRab
scl-CEMV329  V582   ----- 01 00 05.14 -33 58 16.4 0.3462274 -- 20.344 20.124 19.780 0.748 0.590 0.256 0 1 RRc
scl-CEMV330  V79    K1910 01 00 05.38 -33 45 50.2 0.5728221 -- 20.375 20.068 19.664 1.425 0.968 0.570 3 0 RRab
scl-CEMV331  K1470  ----- 01 00 05.36 -33 46 28.7 0.5056240 -- 20.542 20.232 19.775 1.225 0.997 0.696 3 0 RRab
scl-CEMV332  V78    K2004 01 00 05.51 -33 43 38.3 0.5873387 -- 20.306 20.094 19.655 1.539 1.284 0.701 3 0 RRab
scl-CEMV333  V11    K1462 01 00 05.46 -33 46 46.5 0.5610870 -- 20.408 20.084 19.672 1.192 1.166 0.493 5 0 RRab
scl-CEMV335  ----   ----- 01 00 06.09 -33 31 12.0 0.2914306 -- 20.391 20.182 19.863 0.342 0.296 0.180 3 0 RRc
scl-CEMV336  ----   ----- 01 00 06.11 -33 33 09.4 0.5153458 -- 20.419 20.141 19.766 1.044 0.846 0.560 0 1 RRab
scl-CEMV337  K3039  ----- 01 00 05.93 -33 36 21.5 0.6532084 -- 20.299 19.998 19.551 1.101 0.803 0.484 2 0 RRab
scl-CEMV338  K2562  ----- 01 00 05.95 -33 42 26.4 0.3863105 -- 20.388 20.077 19.714 0.543 0.433 0.134 3 0 RRc
scl-CEMV339  V16    K3043 01 00 06.25 -33 36 14.7 0.6239652 -- 20.547 20.216 19.600 0.744 0.624 0.699 0 1 RRab
scl-CEMV340  V179   K2012 01 00 06.27 -33 43 31.5 0.7147808 -- 20.551 20.149 19.559 0.591 0.464 0.300 0 1 RRab
scl-CEMV341  K1997  ----- 01 00 06.34 -33 43 45.4 0.6267700 -- 20.452 20.132 19.643 1.092 0.831 0.468 3 0 RRab
scl-CEMV342  V368   K1930 01 00 06.33 -33 45 20.8 0.6111152 -- 20.562 20.256 19.744 0.788 0.549 0.312 2 0 RRab
scl-CEMV344  V77    K3125 01 00 06.37 -33 35 53.9 0.5331300 -- 20.429 20.114 19.645 1.353 1.038 0.607 0 1 RRab
scl-CEMV345  K1875  ----- 01 00 06.63 -33 42 47.4 0.4997649 -- 20.407 20.159 19.772 1.671 1.321 0.655 2 0 RRab
scl-CEMV348  K2467  ----- 01 00 07.51 -33 40 50.5 0.3580700 -- 20.452 20.130 19.750 0.502 0.397 0.287 3 0 RRc
scl-CEMV349  V5     K2422 01 00 07.53 -33 42 00.8 0.4844792 -- 20.490 20.189 19.790 1.561 1.234 0.652 0 1 RRab
scl-CEMV350  V366   K1446 01 00 07.89 -33 47 27.2 0.7732298 -- 20.314 19.924 19.340 0.633 0.526 0.286 3 0 RRab
scl-CEMV351  V75    K2058 01 00 08.25 -33 42 26.9 0.5034606 -- 20.428 20.167 19.750 1.368 1.037 0.558 3 0 RRab
scl-CEMV352  V406   K2423 01 00 08.96 -33 41 58.3 0.3585263 -- 20.350 19.976 19.499 0.429 0.352 0.209 2 0 RRd
scl-CEMV353  V434   ----- 01 00 08.92 -33 50 36.6 0.3603761 -- 20.434 20.161 19.683 0.529 0.363 0.265 2 0 RRd
scl-CEMV354  K1482  ----- 01 00 09.04 -33 46 18.6 0.29809993 -- 20.395 20.174 19.864 0.914 0.782 0.486 0 1 RRc
scl-CEMV355  V447   K4308 01 00 09.33 -33 39 35.1 0.3589562 -- 20.471 20.190 19.774 0.522 0.424 0.269 0 1 RRc
scl-CEMV356  K4353  ----- 01 00 09.37 -33 41 40.2 0.3598143 -- 20.469 20.157 19.705 0.484 0.324 0.321 2 0 RRd
scl-CEMV357  V108   K1943 01 00 09.34 -33 45 01.1 0.5511718 -- 20.402 20.116 19.762 1.199 0.735 0.445 1 0 RRab
scl-CEMV358  V346   K3931 01 00 09.51 -33 42 45.4 0.3598332 -- 20.486 20.233 19.805 0.621 0.377 0.244 2 0 RRd
scl-CEMV359  V381   K3916 01 00 10.42 -33 43 13.5 0.30499197 -- 20.346 20.136 19.789 0.635 0.563 0.274 3 0 RRc
scl-CEMV360  V268   K1553 01 00 10.32 -33 46 42.8 0.7163808 -- 20.458 20.073 19.486 0.832 0.641 0.452 0 1 RRab
scl-CEMV361  V176   K1424 01 00 10.23 -33 48 31.1 0.6122715 -- 20.363 20.060 19.595 1.439 1.093 0.694 3 0 RRab
scl-CEMV362  V175   ----- 01 00 10.85 -33 47 09.7 0.29470986 -- 20.436 20.233 19.894 0.687 0.563 0.362 3 0 RRc
scl-CEMV363  V329   ----- 01 00 10.79 -33 56 30.1 0.5708921 -- 20.497 20.181 19.686 1.184 1.017 0.615 0 1 RRab
scl-CEMV365  K1439  ----- 01 00 11.18 -33 47 41.9 0.3560433 -- 20.506 20.219 19.856 0.573 0.465 0.158 2 0 RRc
scl-CEMV367  V74    K4385 01 00 12.03 -33 40 36.8 0.4873910 -- 20.460 20.202 19.834 1.482 1.077 0.501 5 0 RRab
scl-CEMV369  V385   K3365 01 00 12.16 -33 47 07.3 0.6680872 -- 20.557 20.176 19.568 0.607 0.454 0.434 3 0 RRab
scl-CEMV370  V439   ----- 01 00 12.44 -33 54 43.2 0.3406171 :  20.371 20.066 19.695 1.307 0.980 0.473 2 0 RRd
scl-CEMV371  V172   ----- 01 00 13.25 -33 34 36.5 0.5610980 -- 20.599 20.295 19.755 1.421 1.047 0.626 3 0 RRab
scl-CEMV373  V171   K3907 01 00 13.89 -33 43 23.8 0.5832092 -- 20.584 20.220 19.701 0.926 0.779 0.529 3 0 RRab
scl-CEMV374  V71    K3934 01 00 14.17 -33 42 31.7 0.5189698 -- 20.234 20.089 19.736 0.986 0.743 0.323 1 0 RRd
scl-CEMV375  V72    K3760 01 00 14.13 -33 43 48.1 0.5485406 -- 20.543 20.210 19.741 1.031 0.817 0.629 1 0 RRab
scl-CEMV376  K4824  ----- 01 00 14.36 -33 35 09.6 0.3622201 -- 20.424 20.125 19.696 0.448 0.326 0.104 2 0 RRd
scl-CEMV377  V170   K4272 01 00 14.36 -33 40 36.5 0.28237618 -- 20.389 20.167 19.875 0.556 0.448 0.285 2 0 RRc
scl-CEMV378  V70    K3810 01 00 14.29 -33 42 23.1 0.6620255 -- 20.404 20.031 19.527 1.155 0.903 0.642 0 1 RRab
scl-CEMV379  V21    K3827 01 00 14.48 -33 45 34.6 0.5877233 -- 20.486 20.161 19.700 1.293 1.015 0.629 1 0 RRab
scl-CEMV380  V69    K3468 01 00 14.85 -33 46 29.2 0.29382390 -- 20.357 20.166 19.844 0.690 0.560 0.323 0 1 RRc
scl-CEMV381  V73    ----- 01 00 15.04 -33 33 52.5 0.582999  -- 20.440 20.053 19.534 0.851 0.589 0.661 1 0 RRab
scl-CEMV382  V337   ----- 01 00 15.06 -34 03 31.1 0.3485848 -- 20.338 20.093 19.682 0.748 0.601 0.582 0 1 RRc
scl-CEMV384  V23    ----- 01 00 15.65 -33 50 43.4 0.5094098 -- 20.462 20.209 19.791 1.452 1.197 0.654 0 1 RRab
scl-CEMV385  V19    K4689 01 00 16.19 -33 38 28.7 0.6392005 -- 20.475 20.118 19.580 1.205 0.954 0.649 0 1 RRab
scl-CEMV386  V169   K4291 01 00 16.14 -33 39 57.3 0.3879640 -- 20.408 20.109 19.696 0.592 0.405 0.279 3 0 RRd
scl-CEMV387  ----   ----- 01 00 16.15 -33 43 59.2 0.3731906 -- 20.403 20.218 19.945 0.190 0.157 0.133 2 0 RRd
scl-CEMV389  V168   ----- 01 00 16.79 -33 44 13.5 0.6334073 -- 20.666 20.221 19.637 0.619 0.516 0.333 3 0 RRab
scl-CEMV390  V493   ----- 01 00 17.10 -33 50 16.8 0.2987289 -- 20.380 20.200 19.872 0.716 0.578 0.357 3 0 RRc
scl-CEMV391  V68    K4785 01 00 17.41 -33 37 11.5 0.5061131 -- 20.486 20.225 19.734 1.657 1.298 0.663 0 1 RRab
scl-CEMV392  K3777  ----- 01 00 17.76 -33 43 09.1 0.6376676 -- 20.447 20.073 19.566 1.043 0.867 0.503 3 0 RRab
scl-CEMV393  V167   ----- 01 00 17.65 -33 49 53.6 0.3799864 -- 20.380 20.099 19.698 0.519 0.410 0.224 2 0 RRd
scl-CEMV396  V67    ----- 01 00 18.17 -33 32 22.9 0.6295596 -- 20.466 20.091 19.556 1.164 0.874 0.497 0 1 RRab
scl-CEMV397  V66    K4812 01 00 18.68 -33 35 53.6 0.4823014 -- 20.454 20.160 19.746 1.467 1.280 0.846 0 1 RRab
scl-CEMV399  V7     K4263 01 00 18.95 -33 40 40.6 0.2849942 -- 20.400 20.272 19.951 0.622 0.490 0.382 2 0 RRc
scl-CEMV400  V20    K3801 01 00 19.18 -33 42 29.2 0.3743659 -- 20.338 20.028 19.606 0.494 0.476 0.445 1 0 RRc
scl-CEMV401  V107   K4277 01 00 19.44 -33 40 18.4 0.3063053 -- 20.380 20.186 19.874 0.685 0.533 0.200 0 1 RRc
scl-CEMV402  V244   ----- 01 00 19.59 -33 26 04.8 0.3700453 -- 20.353 20.103 19.670 0.614 0.497 0.248 0 1 RRc
scl-CEMV403  V65    ----- 01 00 19.78 -33 39 23.9 0.6289706 -- 20.479 20.096 19.618 1.179 0.949 0.652 5 0 RRab
scl-CEMV404  V365   K3346 01 00 19.69 -33 47 29.3 0.3575506 -- 20.454 20.181 19.741 0.552 0.450 0.258 0 1 RRc
scl-CEMV405  V64    K4793 01 00 20.01 -33 36 45.4 0.5598412 -- 20.397 20.101 19.610 1.279 1.050 0.568 0 1 RRab
scl-CEMV406  K3761  ----- 01 00 19.89 -33 43 38.0 0.6256115 -- 20.619 20.228 19.643 0.742 0.534 0.329 3 0 RRab
scl-CEMV407  V63    K3410 01 00 19.85 -33 49 02.2 0.5415092 -- 20.503 20.177 19.800 0.907 0.838 0.524 3 0 RRab
scl-CEMV408  V165   ----- 01 00 20.09 -33 31 11.8 0.6478990 -- 20.592 20.205 19.688 0.782 0.699 0.367 0 1 RRab
scl-CEMV409  V466   K4309 01 00 20.04 -33 39 23.0 0.5542149 -- 20.466 20.125 19.613 1.149 0.895 0.440 2 0 RRab
scl-CEMV411  V62    K3938 01 00 20.55 -33 42 19.3 0.3797752 -- 20.322 20.093 19.681 0.408 0.334 0.188 2 0 RRd
scl-CEMV413  V465   ----- 01 00 20.88 -33 29 05.0 0.5365231 -- 20.481 20.210 19.748 1.484 1.186 0.525 0 1 RRab
scl-CEMV414  V61    K4786 01 00 20.91 -33 37 08.1 0.5372869 -- 20.412 20.132 19.689 1.594 1.300 0.715 0 1 RRab
scl-CEMV415  V223   K3413 01 00 21.18 -33 48 52.2 0.3595365 -- 20.442 20.199 19.774 0.521 0.441 0.247 0 1 RRc
scl-CEMV416  K3832  ----- 01 00 21.41 -33 45 19.3 0.3564990 -- 20.386 20.156 19.716 0.549 0.377 0.073 2 0 RRd
scl-CEMV417  V163   K3888 01 00 21.93 -33 43 44.3 0.6080575 -- 20.555 20.196 19.707 0.941 0.755 0.471 0 1 RRab
scl-CEMV418  K4747  ----- 01 00 21.97 -33 38 29.4 0.5919952 -- 20.603 20.234 19.684 0.944 0.726 0.355 0 1 RRab
scl-CEMV419  K3318  ----- 01 00 22.17 -33 49 14.9 0.6402408 -- 20.585 20.209 19.651 0.531 0.464 0.290 0 1 RRab
scl-CEMV420  V267   ----- 01 00 22.08 -33 55 32.9 0.3215228 -- 20.297 20.123 19.773 0.499 0.351 0.239 2 0 RRc
scl-CEMV421  V59    K3862 01 00 22.38 -33 44 29.2 0.2940870 -- 20.486 20.337 19.975 0.611 0.485 0.393 2 0 RRc
scl-CEMV422  V351   K3397 01 00 22.39 -33 47 44.5 0.5409565 -- 20.270 20.089 19.625 1.426 1.133 0.657 3 0 RRab
scl-CEMV423  K4686  ----- 01 00 22.59 -33 38 28.4 0.6160791 -- 20.654 20.221 19.679 0.794 0.547 0.388 3 0 RRab
scl-CEMV424  K4313  ----- 01 00 22.63 -33 39 04.7 0.7310871 -- 20.542 20.140 19.591 0.507 0.403 0.260 3 0 RRab
scl-CEMV425  K3320  ----- 01 00 23.35 -33 48 58.5 0.2824689 -- 20.378 20.178 19.886 0.427 0.351 0.202 0 1 RRc
scl-CEMV426  K3941  ----- 01 00 24.80 -33 42 11.5 0.3566154 -- 20.400 20.138 19.741 0.531 0.421 0.260 2 0 RRd
scl-CEMV427  K3834  ----- 01 00 25.33 -33 45 12.8 0.3752220 -- 20.295 20.008 19.535 0.489 0.375 0.155 2 0 RRc
scl-CEMV428  V58    K6050 01 00 25.58 -33 35 28.2 0.30516606 -- 20.362 20.156 19.821 0.792 0.602 0.329 0 1 RRc
scl-CEMV429  V602   K4235 01 00 25.59 -33 41 34.5 0.3556095 -- 20.399 20.144 19.764 0.562 0.432 0.276 2 0 RRd  multimode?
scl-CEMV430  K3763  ----- 01 00 25.75 -33 43 29.7 0.32216815 -- 20.359 20.140 19.801 0.686 0.575 0.342 0 1 RRc
scl-CEMV431  V57    ----- 01 00 26.24 -33 33 31.0 0.3289836 -- 20.434 20.203 19.821 0.719 0.573 0.339 0 1 RRc
scl-CEMV432  V56    K5723 01 00 27.08 -33 41 21.4 0.5660381 -- 20.529 20.213 19.669 1.116 0.888 0.571 0 1 RRab
scl-CEMV433  V224   K5747 01 00 27.32 -33 39 46.9 0.5598556 -- 20.406 20.128 19.656 1.278 1.094 0.557 0 1 RRab
scl-CEMV434  K3319  ----- 01 00 27.43 -33 49 09.6 0.5649243 -- 20.543 20.151 19.656 0.931 0.776 0.333 1 0 RRab very poor quality light curve
scl-CEMV435  V478   ----- 01 00 27.46 -34 00 57.9 0.3463719 -- 20.383 20.154 19.740 0.703 0.519 0.280 0 1 RRc
scl-CEMV436  V545   K6085 01 00 27.68 -33 36 15.2 0.3615245 -- 20.446 20.177 19.765 0.531 0.413 0.257 0 1 RRc
scl-CEMV438  V159   K5359 01 00 28.29 -33 44 03.4 0.6709552 -- 20.317 19.974 19.494 1.188 0.988 0.678 0 1 RRab
scl-CEMV439  K5354  ----- 01 00 28.40 -33 44 12.1 0.4032307 -- 20.323 20.074 19.599 0.631 0.470 0.272 2 0 RRd  split light curve; multimode? 0.68d period seems less likely
scl-CEMV440  ----   ----- 01 00 28.59 -33 52 03.2 0.6392694 -- 20.450 20.140 19.638 1.122 0.879 0.417 0 1 RRab
scl-CEMV441  K5401  ----- 01 00 28.72 -33 42 29.2 0.3347711 -- 20.228 20.068 19.760 1.014 0.711 0.186 2 0 RRd  multimode? incomplete phase coverage in I; 0.5d period not supported by these dat
scl-CEMV442a V408   K5496 01 00 28.94 -33 42 23.0 0.5257402 -- 20.446 20.190 19.743 1.115 0.925 0.603 5 0 RRab noisy light curve near maximum light; Blazhko?
scl-CEMV443  V160   K5802 01 00 29.29 -33 40 52.6 0.5149592 -- 20.512 20.238 19.729 1.409 1.079 1.023 2 0 RRab noisy light curve with incomplete phase coverage
scl-CEMV444  K5400  ----- 01 00 29.28 -33 42 30.7 0.3289072 -- 20.459 20.231 19.830 0.625 0.519 0.302 3 0 RRc
scl-CEMV445  V53    K5390 01 00 29.42 -33 42 44.6 0.6596728 -- 20.335 20.020 19.510 1.363 1.059 0.624 3 0 RRab
scl-CEMV446  ----   ----- 01 00 29.94 -33 33 43.0 0.3459225 -- 20.461 20.206 19.777 0.600 0.475 0.272 0 1 RRc
scl-CEMV448  V24    K5011 01 00 30.43 -33 48 16.3 0.6166794 -- 20.467 20.146 19.609 1.195 0.955 0.526 0 1 RRab
scl-CEMV449  V345   ----- 01 00 30.45 -33 51 07.5 0.3640732 -- 20.473 20.182 19.876 0.504 0.577 0.492 2 0 RRd  very noisy light curve; multimode?
scl-CEMV451  K5123  ----- 01 00 30.61 -33 47 23.6 0.32533321 -- 20.414 20.188 19.814 0.672 0.579 0.329 0 1 RRc
scl-CEMV452  K5728  ----- 01 00 30.93 -33 41 03.2 0.3355257 -- 20.323 20.104 19.693 0.656 0.553 0.399 3 0 RRc  multimode? poor phase coverage in RI; 0.25d period possible but less likely
scl-CEMV453  K5714  ----- 01 00 31.03 -33 41 40.2 0.2929158 -- 20.368 20.200 19.870 0.604 0.512 0.322 3 0 RRc
scl-CEMV454  K5030  ----- 01 00 30.87 -33 47 15.2 0.5827583 -- 20.600 20.230 19.704 0.870 0.598 0.343 2 0 RRab
scl-CEMV455  K6031  ----- 01 00 31.21 -33 37 27.2 0.3268823 -- 20.435 20.195 19.801 0.627 0.517 0.287 0 1 RRc  0.25d period possible but less likely
scl-CEMV456  K5751  ----- 01 00 31.26 -33 39 26.2 0.3973471 -- 20.325 20.077 19.653 0.604 0.445 0.283 3 0 RRc
scl-CEMV457  V52    ----- 01 00 31.15 -33 49 27.7 0.3661439 -- 20.421 20.143 19.756 0.511 0.404 0.315 0 1 RRc
scl-CEMV458  V312   K5376 01 00 31.33 -33 43 21.9 0.3895139 -- 20.370 20.101 19.633 0.537 0.441 0.208 3 0 RRc
scl-CEMV459  V156   K5773 01 00 31.81 -33 41 58.1 0.5087603 -- 20.535 20.211 19.722 1.559 1.214 0.770 0 1 RRab B amplitude may be underestimated
scl-CEMV461  V467   K5384 01 00 32.48 -33 42 55.1 0.3348337 -- 20.427 20.208 19.802 0.616 0.502 0.302 0 1 RRc
scl-CEMV463  K5393  ----- 01 00 32.96 -33 42 38.5 0.3227377 -- 20.383 20.110 19.687 0.653 0.520 0.310 0 1 RRc
scl-CEMV464  V51    K5155 01 00 33.06 -33 45 50.5 0.5674490 -- 20.421 20.128 19.665 1.400 1.103 0.657 0 1 RRab
scl-CEMV465  V50    ----- 01 00 33.05 -33 49 32.0 0.5444411 -- 20.579 20.241 19.769 0.875 0.773 0.499 1 0 RRab relatively poor quality light curve
scl-CEMV466  V396   K6032 01 00 33.56 -33 37 24.5 0.5089923 -- 20.377 20.135 19.713 1.169 0.841 0.538 2 0 RRab relatively noisy light curve
scl-CEMV467  V155   ----- 01 00 33.70 -33 41 45.9 0.5501842 -- 20.586 20.194 19.585 1.143 0.836 0.693 2 0 RRab relatively noisy light curve; possible Blazhko?
scl-CEMV468  ----   ----- 01 00 33.56 -33 56 36.0 0.3531207 -- 20.528 20.251 19.834 0.499 0.356 0.203 2 0 RRd  sparsely sampled light curve
scl-CEMV470  V409   K5721 01 00 33.98 -33 41 16.1 0.3582675 -- 20.436 20.168 19.745 0.598 0.485 0.297 3 0 RRc
scl-CEMV471  V417   ----- 01 00 33.99 -33 53 57.2 0.5050873 -- 20.539 20.239 19.769 1.119 0.763 0.445 2 0 RRab
scl-CEMV472  V342   K5032 01 00 34.41 -33 47 04.0 0.3470097 -- 20.436 20.194 19.769 0.614 0.485 0.339 0 1 RRc
scl-CEMV473  K5015  ----- 01 00 34.55 -33 47 54.4 0.3706541 -- 20.365 20.100 19.688 0.467 0.445 0.213 2 0 RRc
scl-CEMV474  V394   ----- 01 00 34.75 -33 32 18.0 0.7792043 -- 20.364 19.994 19.375 0.730 0.571 0.418 0 1 RRab
scl-CEMV475  V154   K5330 01 00 34.70 -33 45 00.6 0.6457420 -- 20.457 20.138 19.620 1.051 0.832 0.557 3 0 RRab a few data points out of phase; 0.39d period seems less likely
scl-CEMV476  V153   K5065 01 00 34.98 -33 45 55.4 0.3802056 -- 20.236 20.001 19.601 0.445 0.322 0.132 2 0 RRc  rather noisy light curve
scl-CEMV477  K5724  ----- 01 00 35.54 -33 41 12.8 0.4985242 -- 20.401 20.164 19.731 1.307 0.970 0.629 0 1 RRab
scl-CEMV478  K6034  ----- 01 00 35.75 -33 37 11.7 0.6088867 -- 20.544 20.072 18.886 0.848 0.636 0.156 0 1 RRab
scl-CEMV479  K5730  ----- 01 00 36.06 -33 40 54.4 0.3519018 -- 20.469 20.210 19.759 0.539 0.396 0.217 2 0 RRd  multimode?
scl-CEMV480  ----   ----- 01 00 36.10 -33 53 21.1 0.2921566 -- 20.367 20.185 19.857 0.561 0.488 0.236 2 0 RRc
scl-CEMV481  ----   ----- 01 00 36.14 -33 41 22.6 0.6687789 -- 20.557 20.153 19.500 0.671 0.593 0.573 3 0 RRab
scl-CEMV483  V49    K5828 01 00 36.48 -33 39 14.3 0.5371109 -- 20.482 20.171 19.672 1.557 1.218 0.777 0 1 RRab
scl-CEMV484  ----   ----- 01 00 37.08 -33 27 17.0 0.3627835 -- 20.431 20.123 19.676 0.625 0.538 0.463 3 0 RRc
scl-CEMV485  V106   K5845 01 00 37.48 -33 38 31.3 0.3613395 -- 20.423 20.139 19.679 0.573 0.464 0.422 2 0 RRd  multimode?
scl-CEMV486  V574   K5375 01 00 37.56 -33 43 16.3 0.4015244 -- 20.352 20.025 19.606 0.550 0.456 0.282 3 0 RRd  some data points badly out of phase; multimode?
scl-CEMV487  V48    ----- 01 00 38.26 -33 51 03.7 0.5647531 -- 20.414 20.092 19.646 1.431 1.103 0.463 0 1 RRab
scl-CEMV488  V272   ----- 01 00 38.44 -33 30 59.3 0.761107  -- 20.489 20.091 19.465 0.288 0.223 0.190 0 0 RRab
scl-CEMV489  V148   K5105 01 00 38.78 -33 48 03.3 0.5566794 -- 20.581 20.232 19.741 1.298 1.030 0.633 0 1 RRab
scl-CEMV490  V149   ----- 01 00 38.89 -33 52 25.3 0.5869816 -- 20.442 20.165 19.641 1.354 1.075 0.664 0 1 RRab
scl-CEMV491  V47    ----- 01 00 39.09 -33 51 47.1 0.5262574 -- 20.398 20.126 19.608 1.474 1.256 0.799 0 1 RRab
scl-CEMV492  V418   ----- 01 00 39.02 -33 57 30.8 0.3578102 -- 20.269 20.065 19.704 0.648 0.567 0.357 3 0 RRc
scl-CEMV493  V380   K6048 01 00 39.44 -33 35 46.3 0.6267839 -- 20.603 20.213 19.637 0.761 0.629 0.289 0 1 RRab
scl-CEMV494  K5710  ----- 01 00 39.63 -33 41 39.9 0.3557774 -- 20.400 20.148 19.732 0.616 0.489 0.278 0 1 RRc
scl-CEMV495  V147   K5492 01 00 39.72 -33 42 17.2 0.5287178 -- 20.511 20.209 19.727 1.473 0.942 0.512 2 0 RRab relatively noisy light curve
scl-CEMV496  V225   K5141 01 00 39.61 -33 46 12.4 0.3044354 :  20.407 20.123 19.769 0.776 0.557 0.430 3 0 RRc  some outlying data points; period near 0.43d also possible
scl-CEMV497  V468   K5068 01 00 39.75 -33 45 47.8 0.7439024 -- 20.498 20.114 19.526 0.360 0.292 0.188 0 1 RRab
scl-CEMV498  V46    K5778 01 00 40.00 -33 41 45.4 0.6109103 -- 20.567 20.201 19.645 0.876 0.727 0.416 3 0 RRab
scl-CEMV499  V146   K5049 01 00 40.36 -33 46 19.9 0.6487663 -- 20.485 20.132 19.568 0.976 0.807 0.353 0 1 RRab
scl-CEMV501  K5364  ----- 01 00 41.10 -33 43 45.3 0.3969571 -- 20.165 19.963 19.608 0.486 0.395 0.227 2 0 RRc
scl-CEMV502  V44    K5000 01 00 41.28 -33 48 55.4 0.32325914 -- 20.440 20.221 19.856 0.652 0.549 0.342 0 1 RRc
scl-CEMV505  V325   ----- 01 00 42.79 -33 59 26.5 0.574889  -- 20.527 20.202 19.686 1.302 1.010 0.684 1 0 RRab
scl-CEMV506  V43    K5397 01 00 42.93 -33 42 27.9 0.6172969 -- 20.499 20.126 19.603 0.944 0.814 0.599 5 0 RRab
scl-CEMV507  V42    K5382 01 00 43.43 -33 42 52.4 0.5959524 -- 20.552 20.189 19.622 0.859 0.782 0.416 0 1 RRab
scl-CEMV508  V41    K5343 01 00 43.72 -33 44 36.2 0.5469435 -- 20.491 20.180 19.728 1.387 1.163 0.746 5 0 RRab
scl-CEMV509  ----   ----- 01 00 44.13 -33 58 43.6 0.383640  -- 20.355 20.066 19.623 0.598 0.421 0.295 1 0 RRc
scl-CEMV510  V511   ----- 01 00 44.42 -33 56 56.8 0.6783819 -- 20.454 20.103 19.544 0.908 0.720 0.428 0 1 RRab
scl-CEMV511  V321   ----- 01 00 44.62 -33 24 24.9 0.3888051 -- 20.377 20.092 19.666 0.570 0.433 0.245 0 1 RRc
scl-CEMV512  V235   K5344 01 00 44.56 -33 44 33.0 0.6425232 -- 20.389 20.045 19.484 0.867 0.714 0.477 5 0 RRab
scl-CEMV513  ----   ----- 01 00 44.82 -33 55 33.1 0.3730122 -- 20.389 20.113 19.758 0.519 0.405 0.178 3 0 RRc
scl-CEMV514  V144   ----- 01 00 45.13 -33 45 18.6 0.3506815 -- 20.382 20.139 19.733 0.678 0.548 0.355 0 1 RRc
scl-CEMV515  ----   ----- 01 00 45.01 -33 57 11.7 0.331886  -- 20.240 20.092 19.670 0.337 0.226 0.164 4 0 RRc
scl-CEMV516  V40    ----- 01 00 45.62 -33 52 58.0 0.5888130 -- 20.455 20.133 19.603 1.130 0.890 0.605 0 1 RRab
scl-CEMV517  ----   ----- 01 00 45.72 -34 23 46.4 0.391554  :  20.449 20.155 19.445 0.444 0.341 0.713 3 0 RRc
scl-CEMV518  V143   ----- 01 00 46.53 -33 36 04.5 0.3336349 -- 20.433 20.190 19.783 0.645 0.523 0.299 0 1 RRc
scl-CEMV519  V583   ----- 01 00 46.49 -33 44 21.2 0.3493271 -- 20.421 20.156 19.730 0.575 0.449 0.319 3 0 RRc
scl-CEMV520  K5085  ----- 01 00 46.50 -33 48 52.5 0.3192853 -- 20.375 20.118 19.602 0.750 0.607 0.597 2 0 RRc
scl-CEMV521  V145   ----- 01 00 47.30 -33 44 49.2 0.5231799 -- 20.512 20.212 19.710 1.254 0.961 0.476 5 0 RRab
scl-CEMV522  V490   ----- 01 00 47.57 -33 39 26.3 0.6802187 -- 20.462 20.072 19.499 0.974 0.777 0.377 3 0 RRab
scl-CEMV523  V273   ----- 01 00 47.97 -33 30 38.5 0.6773138 -- 20.586 20.188 19.625 0.623 0.517 0.269 0 1 RRab
scl-CEMV524  ----   ----- 01 00 48.26 -33 43 16.4 0.7200960 -- 20.549 20.160 19.553 0.591 0.450 0.260 3 0 RRab
scl-CEMV525  V435   ----- 01 00 48.43 -33 37 28.2 0.3522791 -- 20.412 20.138 19.712 0.551 0.428 0.185 2 0 RRc
scl-CEMV526  V39    ----- 01 00 48.76 -33 45 12.8 0.5059412 -- 20.413 20.171 19.724 1.625 1.280 0.852 0 1 RRab
scl-CEMV527  V38    ----- 01 00 49.05 -33 39 21.9 0.5021283 -- 20.472 20.204 19.774 1.607 1.305 0.538 0 1 RRab
scl-CEMV528  ----   ----- 01 00 50.24 -33 42 21.8 0.8203209 -- 20.416 20.032 19.441 0.572 0.451 0.294 3 0 RRab
scl-CEMV529  ----   ----- 01 00 50.89 -33 32 52.3 0.3470793 -- 20.468 20.183 19.768 0.585 0.475 0.301 0 1 RRc
scl-CEMV531  ----   ----- 01 00 51.02 -33 51 28.3 0.3366494 -- 20.414 20.167 19.790 0.656 0.537 0.324 0 1 RRc
scl-CEMV533  V319   ----- 01 00 52.13 -33 34 11.5 0.5783312 -- 20.567 20.231 19.725 1.051 0.784 0.520 0 1 RRab
scl-CEMV535  V142   ----- 01 00 53.44 -33 31 53.9 0.5114891 -- 20.330 20.127 19.687 1.528 1.314 0.867 0 1 RRab
scl-CEMV536  V36    ----- 01 00 54.81 -33 51 50.2 0.4010965 -- 20.489 20.093 19.563 0.599 0.621 0.413 1 0 RRd
scl-CEMV537  V395   ----- 01 00 55.52 -33 33 54.5 0.6004131 -- 20.468 20.155 19.611 1.152 0.901 0.613 0 1 RRab
scl-CEMV539  ----   ----- 01 00 56.50 -33 42 59.5 0.3618392 -- 20.418 20.137 19.769 0.592 0.394 0.123 2 0 RRd
scl-CEMV542  ----   ----- 01 00 58.17 -33 43 24.7 0.3302987 -- 20.260 20.076 19.729 0.369 0.321 0.197 3 0 RRc
scl-CEMV543  V35    ----- 01 00 58.27 -33 45 34.0 0.5258146 -- 20.470 20.198 19.755 1.447 1.195 0.769 0 1 RRab
scl-CEMV544  V34    ----- 01 00 58.39 -33 45 46.6 0.6617863 -- 20.452 20.126 19.574 0.947 0.699 0.362 0 1 RRab
scl-CEMV545  V140   ----- 01 00 59.53 -33 47 26.5 0.6110077 -- 20.636 20.243 19.672 0.824 0.743 0.404 0 1 RRab
scl-CEMV546  V512   ----- 01 01 00.30 -33 48 03.7 0.7858957 -- 20.448 20.067 19.457 0.485 0.378 0.207 3 0 RRab
scl-CEMV547  V420   ----- 01 01 00.27 -33 54 23.8 0.6119122 -- 20.379 20.027 19.532 1.128 0.982 0.579 2 0 RRab
scl-CEMV548  V33    ----- 01 01 01.66 -33 42 01.5 0.3428988 -- 20.376 20.157 19.789 0.707 0.535 0.232 0 1 RRc
scl-CEMV549  V411   ----- 01 01 01.75 -33 43 28.4 0.3185437 -- 20.380 20.180 19.832 0.658 0.517 0.284 3 0 RRc
scl-CEMV551  V432   ----- 01 01 02.81 -34 02 19.3 0.359875  -- 20.470 20.210 19.749 0.569 0.447 0.250 0 1 RRc
scl-CEMV552  V274   ----- 01 01 03.01 -33 34 28.5 0.5792736 -- 20.631 20.231 19.721 0.788 0.825 0.429 5 0 RRab
scl-CEMV553  V283   ----- 01 01 03.83 -33 33 12.2 0.3301444 -- 20.426 20.183 19.796 0.694 0.553 0.313 0 1 RRc
scl-CEMV554  V138   ----- 01 01 04.31 -33 43 15.5 0.6189954 -- 20.573 20.163 19.635 0.966 0.834 0.472 0 1 RRab
scl-CEMV555  ----   ----- 01 01 04.77 -33 43 42.1 0.3586233 -- 20.505 20.258 19.741 0.462 0.356 0.250 2 0 RRd
scl-CEMV557  V277   ----- 01 01 05.21 -33 53 09.7 0.6913996 -- 20.472 20.116 19.553 0.909 0.683 0.410 0 1 RRab
scl-CEMV558  V32    ----- 01 01 05.45 -33 51 41.5 0.7146550 -- 20.364 20.023 19.485 1.019 0.789 0.447 0 1 RRab
scl-CEMV559  V137   ----- 01 01 06.27 -33 33 32.4 0.6049145 -- 20.422 20.116 19.565 0.964 0.734 0.310 5 0 RRab
scl-CEMV560  V221   ----- 01 01 06.33 -33 51 14.8 0.6054784 -- 20.475 20.158 19.674 1.225 1.023 0.431 0 1 RRab
scl-CEMV562  V31    ----- 01 01 07.07 -33 38 08.2 0.3192130 -- 20.300 20.110 19.765 0.481 0.376 0.193 0 1 RRc
scl-CEMV563  V270   ----- 01 01 07.24 -33 53 28.2 0.3999114 -- 20.270 20.026 19.594 0.566 0.471 0.224 0 1 RRc
scl-CEMV564  ----   ----- 01 01 07.87 -33 46 24.7 0.3780044 -- 20.374 20.113 19.669 0.596 0.497 0.286 0 1 RRc
scl-CEMV565  ----   ----- 01 01 08.36 -33 34 23.9 0.6704283 -- 20.523 20.145 19.529 0.468 0.333 0.192 0 1 RRab
scl-CEMV567  V353   ----- 01 01 09.81 -34 01 02.7 0.3637088 -- 20.362 20.132 19.654 0.638 0.502 0.295 0 1 RRc
scl-CEMV568  V136   ----- 01 01 10.36 -33 38 14.2 0.3609600 -- 20.446 20.176 19.725 0.560 0.451 0.303 0 1 RRc
scl-CEMV569  V314   ----- 01 01 10.49 -33 40 54.5 0.5896412 -- 20.593 20.263 19.642 0.938 0.802 0.576 0 1 RRab
scl-CEMV570  V354   ----- 01 01 11.82 -33 28 48.5 0.3613011 -- 20.470 20.209 19.763 0.612 0.510 0.367 0 1 RRc
scl-CEMV571  ----   ----- 01 01 11.79 -33 46 00.6 0.3614827 -- 20.394 20.096 19.696 0.534 0.421 0.224 0 1 RRc
scl-CEMV572  V249   ----- 01 01 13.38 -33 52 50.4 0.5894660 -- 20.523 20.205 19.681 1.055 0.883 0.562 0 1 RRab
scl-CEMV574  V541   ----- 01 01 14.62 -33 57 42.3 0.3590043 -- 20.440 20.196 19.754 0.587 0.439 0.315 3 0 RRc
scl-CEMV575  ----   ----- 01 01 15.20 -33 56 09.7 0.3029585 -- 20.298 20.129 19.783 0.748 0.607 0.383 3 0 RRc
scl-CEMV576  V281   ----- 01 01 15.65 -33 37 26.9 0.3924671 -- 20.382 20.113 19.612 0.532 0.419 0.268 2 0 RRd
scl-CEMV577  ----   ----- 01 01 16.74 -34 18 44.1 0.2766398 :  20.455 20.258 19.847 0.555 0.461 0.373 3 0 RRc
scl-CEMV579  V30    ----- 01 01 17.70 -33 34 10.9 0.5630984 -- 20.450 20.174 19.726 1.049 0.841 0.430 2 0 RRab
scl-CEMV580  V276   ----- 01 01 17.86 -33 47 05.8 0.3050095 -- 20.382 20.195 19.849 0.620 0.518 0.358 0 1 RRc
scl-CEMV581  V29    ----- 01 01 18.02 -33 34 01.7 0.6457407 -- 20.385 20.062 19.533 1.214 1.018 0.596 0 1 RRab
scl-CEMV583  V442   ----- 01 01 18.57 -34 02 05.9 0.744032  -- 20.357 20.012 19.423 0.925 0.724 0.330 0 1 RRab
scl-CEMV585  V279   ----- 01 01 19.60 -33 44 09.2 0.6096734 -- 20.388 20.115 19.572 1.225 0.939 0.732 0 1 RRab
scl-CEMV587  V284   ----- 01 01 21.31 -33 32 59.4 0.6148660 -- 20.281 20.014 19.500 1.471 1.084 0.630 0 1 RRab
scl-CEMV588  V278   ----- 01 01 21.55 -33 58 05.0 0.6334174 -- 20.338 20.048 19.578 1.296 1.073 0.762 0 1 RRab
scl-CEMV589  V414   ----- 01 01 22.36 -33 48 05.6 0.3587227 -- 20.517 20.224 19.780 0.429 0.286 0.056 2 0 RRc
scl-CEMV590  V286   ----- 01 01 22.70 -33 27 49.0 0.7033385 -- 20.443 20.059 19.454 0.987 0.789 0.334 0 1 RRab
scl-CEMV592  V282   ----- 01 01 25.45 -33 35 35.7 0.6059336 -- 20.483 20.147 19.587 1.140 0.865 0.581 0 1 RRab
scl-CEMV593  V275   ----- 01 01 25.91 -33 37 30.8 0.6474139 -- 20.445 20.088 19.559 1.306 1.019 0.890 0 1 RRab
scl-CEMV594  ----   ----- 01 01 26.28 -33 41 52.4 0.2779190 -- 20.422 20.237 19.895 0.318 0.266 0.101 2 0 RRc
scl-CEMV596  V437   ----- 01 01 29.32 -33 47 00.5 0.518719  -- 20.584 20.243 19.629 0.734 0.436 0.651 2 0 RRab
scl-CEMV597  V28    ----- 01 01 29.85 -33 41 19.0 0.5452513 -- 20.498 20.210 19.684 1.473 1.131 0.644 0 1 RRab
scl-CEMV598  V488   ----- 01 01 30.78 -33 48 38.8 0.6372721 -- 20.346 20.031 19.505 1.393 1.062 0.627 0 1 RRab
scl-CEMV599  V288   ----- 01 01 30.75 -33 52 21.7 0.6600146 -- 20.479 20.128 19.571 1.166 0.900 0.504 0 1 RRab
scl-CEMV601  ----   ----- 01 01 30.93 -33 41 05.6 0.2907339 -- 20.397 20.194 19.860 0.680 0.577 0.329 0 1 RRc
scl-CEMV602  V352   ----- 01 01 31.24 -33 46 55.2 0.5917192 -- 20.445 20.175 19.659 1.191 0.781 0.450 3 0 RRab
scl-CEMV603  V585   ----- 01 01 32.29 -33 53 58.2 0.5138820 -- 20.461 20.219 19.746 1.342 1.013 0.612 2 0 RRab
scl-CEMV604  V438   ----- 01 01 33.91 -33 47 13.3 0.3413959 -- 20.415 20.182 19.772 0.613 0.484 0.252 0 1 RRc
scl-CEMV605  V109   ----- 01 01 34.57 -33 41 30.6 0.6006253 -- 20.524 20.155 19.467 0.806 0.651 0.835 0 1 RRab
scl-CEMV606  V599   ----- 01 01 35.32 -33 45 06.9 0.3463240 -- 20.364 20.153 19.446 0.644 0.446 0.841 2 0 RRc
scl-CEMV609  V531   ----- 01 01 41.11 -33 29 11.4 0.6226401 -- 20.253 19.964 18.938 1.316 1.216 1.978 2 0 RRab
scl-CEMV610  V289   ----- 01 01 42.43 -34 00 39.7 2.05206   :: 20.386 20.025 19.533 1.041 0.837 0.774 1 0 RRab
scl-CEMV611  V341   ----- 01 01 46.91 -33 40 03.8 0.5137803 -- 20.418 20.192 19.680 1.602 1.301 0.538 0 1 RRab
scl-CEMV612  V538   ----- 01 01 48.24 -33 44 07.8 0.3073191 -- 20.357 20.193 19.931 0.247 0.204 0.302 0 1 RRc
scl-CEMV614  ----   ----- 01 01 51.02 -33 54 40.0 1.17812   :  20.926 20.341 19.911 0.293 0.305 0.980 2 0 RRab
scl-CEMV616  ----   ----- 01 01 56.70 -33 35 30.1 0.3235465 -- 20.316 20.112 19.691 0.588 0.459 0.298 0 1 RRc
scl-CEMV617  ----   ----- 01 02 00.17 -33 42 49.2 0.6265885 -- 20.634 20.238 19.666 0.602 0.462 0.102 3 0 RRab
scl-CEMV618  ----   ----- 01 02 02.63 -33 42 21.2 0.818831  -- 20.418 20.013 19.355 0.311 0.259 0.071 2 0 RRab
scl-CEMV619  V322   ----- 01 02 04.50 -33 30 14.7 0.707305  -- 20.405 20.042 19.498 0.864 0.813 0.609 0 1 RRab
scl-CEMV620  V537   ----- 01 02 13.25 -33 47 09.1 0.658406  -- 20.511 20.156 19.560 0.937 0.763 0.736 0 1 RRab
scl-CEMV621  ----   ----- 01 02 13.68 -33 59 47.7 0.404542  :  20.368 20.154 19.697 0.497 0.318 0.343 3 0 RRc
scl-CEMV622  V486   ----- 01 02 14.02 -33 43 29.1 0.2836377 -- 20.414 20.232 19.963 0.608 0.518 0.183 0 1 RRc
scl-CEMV623  V328   ----- 01 02 15.41 -33 54 05.4 0.7065638 -- 20.375 20.044 19.397 1.085 0.852 0.933 0 1 RRab
scl-CEMV624  V306   ----- 01 02 18.92 -33 44 39.7 0.5657321 -- 20.451 20.122 19.690 1.315 1.092 0.741 0 1 RRab
scl-CEMV625  V412   ----- 01 02 31.67 -33 44 51.0 0.3860318 -- 20.423 20.114 19.603 0.560 0.437 0.226 0 1 RRc
scl-CEMV626  ----   ----- 01 02 37.86 -33 46 04.2 0.3960425 -- 20.346 20.094 19.643 0.621 0.381 0.244 2 0 RRc
scl-CEMV627  ----   ----- 01 02 43.41 -33 41 47.9 0.2969553 -- 20.328 20.134 19.781 0.243 0.186 0.000 3 0 RRc
scl-CEMV630  V433   ----- 01 02 46.59 -33 41 23.2 0.6185627 -- 20.341 20.055 19.550 1.447 1.167 0.561 0 1 RRab
scl-CEMV632  ----   ----- 01 03 23.75 -33 42 15.3 0.2785148 -- 20.412 20.229 19.930 0.279 0.271 0.165 2 0 RRd
scl-CEMV634  V584   ----- 01 03 44.37 -33 50 09.0 0.617595  :  20.455 20.103 19.477 1.069 0.991 0.600 1 0 RRab
