V001 23 26 20.342 +50 42 22.86 0.523 26.199 1.417 25.852 1.002 0.347 RRab
V002 23 26 20.747 +50 42 23.15 0.626 26.229 0.743 25.671 0.835 0.558 RRab
V003 23 26 21.063 +50 42 36.31 0.733 26.030 1.287 25.561 1.047 0.469 RRab
V004 23 26 21.379 +50 42 34.20 0.502 26.194 1.755 26.157 0.640 0.036 RRab
V005 23 26 21.389 +50 42 33.83 0.352 26.167 0.642 25.762 0.429 0.405 RRc
V006 23 26 21.432 +50 42 05.97 0.343 26.067 0.661 25.689 0.502 0.378 RRc
V007 23 26 21.685 +50 42 27.96 0.350 26.112 0.437 25.840 0.368 0.273 RRc
V008 23 26 21.809 +50 42 41.98 0.626 26.552 0.586 25.534 0.039 1.018 RRab
V009 23 26 22.113 +50 41 41.75 0.542 26.039 0.294 25.582 0.253 0.457 RRc
V010 23 26 22.171 +50 42 08.40 0.580 26.164 1.439 25.681 0.858 0.483 RRab
V011 23 26 22.294 +50 41 20.52 0.589 26.001 1.011 25.997 0.475 0.004 RRab
V012 23 26 22.765 +50 42 03.99 0.603 26.233 0.900 26.258 0.507 0.025 RRab
V013 23 26 22.874 +50 41 40.84 0.367 26.033 0.457 25.622 0.501 0.411 RRc
V014 23 26 22.917 +50 42 18.78 1.478 24.866 0.585 24.544 0.334 0.322 AC
V015 23 26 22.917 +50 42 18.78 0.564 26.186 0.521 25.894 0.562 0.293 RRab
V016 23 26 22.947 +50 42 04.01 0.586 26.278 0.955 25.814 0.808 0.464 RRab
V017 23 26 22.964 +50 40 47.29 0.652 26.138 1.322 25.667 0.310 0.471 RRab
V018 23 26 22.996 +50 41 13.48 0.401 26.060 0.562 25.633 0.335 0.426 RRc
V019 23 26 23.103 +50 41 12.55 0.350 25.968 0.534 25.655 0.378 0.312 RRc
V020 23 26 23.128 +50 42 36.91 0.488 26.161 1.461 25.882 1.184 0.279 RRab
V021 23 26 23.171 +50 42 09.02 0.338 26.026 0.773 25.771 0.681 0.256 RRc
V022 23 26 23.359 +50 41 02.07 0.572 26.131 1.277 25.718 0.923 0.412 RRab
V023 23 26 23.381 +50 42 02.38 0.568 26.135 1.177 25.744 0.478 0.391 RRab
V024 23 26 23.487 +50 40 20.89 0.561 26.342 1.106 26.118 0.299 0.224 RRab
V025 23 26 23.558 +50 40 55.73 0.362 26.013 0.463 25.635 0.332 0.377 RRc
V026 23 26 23.571 +50 41 19.53 0.351 26.050 0.528 25.722 0.485 0.327 RRc
V027 23 26 23.615 +50 42 47.45 0.623 26.243 0.820 25.972 0.518 0.271 RRab
V028 23 26 23.624 +50 41 40.17 0.354 26.103 0.433 25.738 0.345 0.365 RRc
V029 23 26 23.676 +50 40 15.30 0.670 25.940 0.867 25.800 0.393 0.140 RRab
V030 23 26 23.680 +50 40 31.59 0.648 25.891 0.979 25.611 0.845 0.280 RRab
V031 23 26 23.697 +50 40 43.72 0.482 26.090 0.967 26.002 0.237 0.088 RRab
V032 23 26 23.714 +50 41 25.98 0.574 26.296 0.964 25.833 0.385 0.463 RRab
V033 23 26 23.884 +50 40 21.95 0.584 26.236 0.942 25.700 0.699 0.535 RRab
V034 23 26 23.886 +50 40 31.72 0.614 26.301 0.563 25.867 0.264 0.434 RRab
V035 23 26 23.958 +50 42 37.92 0.332 26.037 0.562 25.915 0.308 0.122 RRc
V036 23 26 23.972 +50 40 12.22 0.329 26.067 0.504 25.732 0.509 0.335 RRc
V037 23 26 23.989 +50 40 42.76 0.502 26.034 1.259 25.747 0.910 0.287 RRab
V038 23 26 24.041 +50 39 56.71 0.608 26.261 1.040 25.697 1.394 0.564 RRab
V039 23 26 24.077 +50 41 45.50 0.544 26.114 1.005 25.914 0.985 0.200 RRab
V040 23 26 24.184 +50 42 49.47 0.598 26.052 1.385 25.691 0.756 0.361 RRab
V041 23 26 24.215 +50 40 58.95 0.262 25.978 0.303 25.733 0.272 0.245 RRc
V042 23 26 24.262 +50 42 46.79 0.325 26.076 0.761 25.992 0.523 0.084 RRc
V043 23 26 24.323 +50 42 36.78 0.530 26.225 0.637 25.765 0.496 0.460 RRab
V044 23 26 24.328 +50 41 49.91 0.355 26.035 0.652 25.725 0.471 0.310 RRc
V045 23 26 24.344 +50 42 02.02 0.371 25.907 0.428 25.530 0.493 0.377 RRc
V046 23 26 24.380 +50 41 49.41 0.627 26.232 0.652 25.885 0.464 0.347 RRab
V047 23 26 24.418 +50 40 25.19 0.625 26.154 0.464 25.673 1.046 0.480 RRab
V048 23 26 24.419 +50 41 54.97 0.591 26.239 0.897 26.357 0.761 0.118 RRab
V049 23 26 24.559 +50 40 40.01 0.580 26.150 1.353 25.816 0.795 0.334 RRab
V050 23 26 24.567 +50 42 32.64 0.594 26.205 1.017 25.777 0.413 0.428 RRab
V051 23 26 24.637 +50 40 57.81 0.550 26.010 1.289 25.626 1.112 0.383 RRab
V052 23 26 24.694 +50 39 38.68 0.571 26.181 1.259 25.721 1.440 0.460 RRab
V053 23 26 24.716 +50 40 45.27 0.608 26.128 1.223 25.641 0.765 0.487 RRab
V054 23 26 24.719 +50 40 06.96 0.630 26.234 0.646 25.648 0.441 0.586 RRab
V055 23 26 24.807 +50 42 29.62 0.510 26.158 0.704 25.842 0.739 0.316 RRab
V056 23 26 24.821 +50 39 51.52 0.721 26.254 0.681 25.766 0.583 0.488 RRab
V057 23 26 24.853 +50 42 15.79 0.677 26.030 0.889 25.645 0.878 0.385 RRab
V058 23 26 24.864 +50 41 15.17 0.502 26.036 1.676 25.823 0.768 0.213 RRab
V059 23 26 24.865 +50 40 18.94 0.600 26.189 1.013 25.932 0.036 0.257 RRab
V060 23 26 24.952 +50 40 21.41 0.350 26.044 0.422 25.585 0.350 0.459 RRc
V061 23 26 24.978 +50 40 25.04 0.635 26.129 1.162 25.918 0.726 0.211 RRab
V062 23 26 25.005 +50 40 36.41 0.604 26.179 1.016 25.896 0.001 0.283 RRab
V063 23 26 25.022 +50 39 30.01 0.530 25.941 1.485 25.844 0.151 0.097 RRab
V064 23 26 25.022 +50 39 30.01 0.591 26.259 0.768 25.891 0.236 0.369 RRab
V065 23 26 25.045 +50 40 08.53 0.572 26.018 1.297 25.780 0.529 0.238 RRab
V066 23 26 25.060 +50 40 09.51 0.594 26.214 1.240 25.871 0.939 0.343 RRab
V067 23 26 25.105 +50 41 50.41 0.303 25.967 0.721 25.634 0.616 0.333 RRc
V068 23 26 25.205 +50 39 51.29 0.322 25.828 0.498 25.629 0.203 0.200 RRc
V069 23 26 25.210 +50 41 37.63 0.598 26.094 1.002 26.207 0.662 0.113 RRab
V070 23 26 25.211 +50 40 23.83 0.324 25.900 0.324 25.784 0.072 0.116 RRc
V071 23 26 25.258 +50 41 59.31 0.574 26.255 0.674 25.883 0.496 0.372 RRab
V072 23 26 25.309 +50 41 37.81 0.480 26.063 1.766 25.834 1.121 0.229 RRab
V073 23 26 25.330 +50 39 35.72 0.693 26.160 0.672 25.731 0.401 0.429 RRab
V074 23 26 25.393 +50 40 18.35 0.312 26.091 0.671 25.877 0.747 0.215 RRc
V075 23 26 25.400 +50 40 03.71 0.598 26.019 1.305 25.647 0.613 0.371 RRab
V076 23 26 25.424 +50 42 24.86 0.633 26.193 0.549 25.745 0.861 0.448 RRab
V077 23 26 25.434 +50 42 18.40 0.548 26.164 1.216 26.059 0.439 0.105 RRab
V078 23 26 25.446 +50 42 35.71 0.356 26.115 0.747 25.732 0.606 0.384 RRc
V079 23 26 25.535 +50 41 24.78 0.557 25.999 1.374 25.563 1.079 0.436 RRab
V080 23 26 25.547 +50 39 44.41 0.345 26.017 0.463 25.592 0.301 0.426 RRc
V081 23 26 25.551 +50 40 27.85 0.508 26.136 1.333 25.660 0.852 0.476 RRab
V082 23 26 25.573 +50 40 55.56 0.682 26.092 0.754 25.666 0.317 0.426 RRab
V083 23 26 25.588 +50 42 15.33 0.604 26.089 1.151 25.760 1.439 0.329 RRab
V084 23 26 25.674 +50 42 53.86 0.589 26.259 0.669 25.862 0.447 0.398 RRab
V085 23 26 25.688 +50 41 08.03 0.522 26.074 1.552 25.686 1.092 0.388 RRab
V086 23 26 25.731 +50 41 08.10 0.507 26.085 1.402 25.811 0.668 0.274 RRab
V087 23 26 25.773 +50 40 26.90 0.601 26.259 1.172 25.788 0.656 0.471 RRab
V088 23 26 25.809 +50 39 35.69 0.546 26.221 1.250 25.941 0.652 0.280 RRab
V089 23 26 25.850 +50 39 39.94 0.334 26.140 0.502 25.823 0.518 0.317 RRc
V090 23 26 25.877 +50 40 13.78 0.570 26.148 1.242 25.640 1.165 0.508 RRab
V091 23 26 25.880 +50 40 29.66 0.621 26.332 0.729 25.562 1.517 0.770 RRab
V092 23 26 25.971 +50 39 43.60 0.336 25.870 0.302 25.549 0.201 0.321 RRc
V093 23 26 26.000 +50 39 34.32 0.324 26.101 0.437 25.725 0.298 0.375 RRc
V094 23 26 26.041 +50 40 36.50 0.581 26.155 1.206 25.671 0.679 0.484 RRab
V095 23 26 26.085 +50 42 46.36 0.543 26.192 0.839 26.080 1.075 0.112 RRab
V096 23 26 26.106 +50 41 47.23 0.637 26.177 0.997 25.547 0.251 0.630 RRab
V097 23 26 26.122 +50 40 04.34 0.555 26.082 0.846 25.823 0.319 0.259 RRab
V098 23 26 26.152 +50 41 13.09 0.691 26.035 0.898 25.802 0.524 0.233 RRab
V099 23 26 26.234 +50 40 25.43 0.560 26.176 1.263 25.710 0.831 0.465 RRab
V100 23 26 26.242 +50 41 33.16 0.590 26.116 1.050 25.535 1.350 0.580 RRab
V101 23 26 26.311 +50 40 52.29 0.427 25.937 0.544 25.583 0.305 0.354 RRc
V102 23 26 26.335 +50 40 17.59 0.511 25.980 1.596 25.628 1.209 0.352 RRab
V103 23 26 26.341 +50 40 55.14 0.607 26.177 0.854 25.767 0.934 0.410 RRab
V104 23 26 26.376 +50 39 45.26 0.306 25.973 0.513 25.588 0.506 0.385 RRc
V105 23 26 26.425 +50 40 35.75 0.315 26.038 0.616 25.596 0.297 0.442 RRc
V106 23 26 26.479 +50 40 31.54 0.591 26.090 1.416 25.879 1.126 0.211 RRab
V107 23 26 26.497 +50 41 34.18 0.512 26.051 0.832 25.766 0.558 0.285 RRab
V108 23 26 26.501 +50 41 26.53 0.354 26.078 0.495 25.787 0.507 0.290 RRc
V109 23 26 26.540 +50 39 49.79 0.342 26.040 0.677 25.697 0.595 0.343 RRc
V110 23 26 26.546 +50 40 00.43 0.368 26.002 0.618 25.786 0.405 0.217 RRc
V111 23 26 26.585 +50 42 09.87 0.601 26.110 1.004 25.789 0.777 0.321 RRab
V112 23 26 26.613 +50 40 40.23 0.349 26.068 0.426 25.724 0.526 0.344 RRc
V113 23 26 26.616 +50 40 07.08 0.613 26.086 1.342 25.674 0.548 0.411 RRab
V114 23 26 26.632 +50 40 42.51 0.526 26.153 0.798 26.009 0.194 0.144 RRab
V115 23 26 26.664 +50 41 55.46 0.411 26.113 0.693 25.573 0.361 0.540 RRc
V116 23 26 26.690 +50 40 56.22 0.317 25.865 0.473 25.713 0.279 0.151 RRc
V117 23 26 26.702 +50 41 25.92 0.635 26.139 1.064 25.729 0.665 0.409 RRab
V118 23 26 26.707 +50 41 26.04 0.536 26.105 1.274 25.975 0.509 0.130 RRab
V119 23 26 26.742 +50 40 04.45 0.307 26.021 0.763 25.645 0.518 0.377 RRc
V120 23 26 26.909 +50 40 14.06 0.344 26.033 0.599 25.640 0.411 0.394 RRc
V121 23 26 26.912 +50 39 39.47 0.450 25.747 0.285 25.283 0.532 0.465 RRc
V122 23 26 26.912 +50 39 39.47 0.543 26.066 0.738 25.882 0.213 0.183 RRab
V123 23 26 26.998 +50 39 53.24 0.551 26.159 1.407 25.670 0.977 0.489 RRab
V124 23 26 27.056 +50 40 53.04 0.537 26.107 1.378 25.817 1.269 0.290 RRab
V125 23 26 27.075 +50 41 04.15 0.640 26.149 0.865 25.836 0.001 0.313 RRab
V126 23 26 27.076 +50 41 22.99 0.555 26.157 1.343 25.782 1.031 0.375 RRab
V127 23 26 27.154 +50 39 43.21 0.304 26.020 0.746 25.623 0.413 0.397 RRc
V128 23 26 27.157 +50 39 47.56 0.340 26.031 0.662 25.723 0.541 0.308 RRc
V129 23 26 27.191 +50 41 41.38 0.621 26.037 1.441 25.597 1.269 0.440 RRab
V130 23 26 27.212 +50 41 49.10 0.568 26.191 1.435 25.752 1.643 0.439 RRab
V131 23 26 27.223 +50 40 13.43 0.514 26.103 0.941 25.891 0.490 0.212 RRab
V132 23 26 27.287 +50 41 01.12 0.281 25.986 0.526 25.659 0.413 0.327 RRc
V133 23 26 27.297 +50 40 41.86 0.568 25.993 0.894 25.692 0.709 0.301 RRab
V134 23 26 27.297 +50 40 15.10 0.557 26.233 1.053 25.779 0.826 0.454 RRab
V135 23 26 27.303 +50 41 44.93 0.290 26.093 0.609 25.697 0.337 0.396 RRc
V136 23 26 27.318 +50 40 46.51 0.324 26.125 0.424 25.965 0.287 0.159 RRc
V137 23 26 27.334 +50 41 02.16 0.571 25.994 1.262 25.781 0.804 0.213 RRab
V138 23 26 27.345 +50 41 10.51 0.349 25.877 0.490 25.548 0.282 0.329 RRc
V139 23 26 27.378 +50 40 56.14 0.586 26.262 0.596 25.673 0.292 0.589 RRab
V140 23 26 27.379 +50 40 26.48 0.531 26.077 1.555 25.648 1.088 0.429 RRab
V141 23 26 27.388 +50 41 22.65 0.663 25.951 1.016 25.692 0.476 0.259 RRab
V142 23 26 27.511 +50 40 27.49 0.333 26.105 0.475 25.606 0.440 0.498 RRc
V143 23 26 27.523 +50 41 38.77 0.545 26.058 0.816 25.650 0.904 0.408 RRab
V144 23 26 27.548 +50 42 06.78 0.654 26.049 1.246 25.634 1.045 0.415 RRab
V145 23 26 27.583 +50 39 39.54 0.587 26.254 0.944 25.599 1.217 0.655 RRab
V146 23 26 27.596 +50 40 02.86 0.545 25.918 1.371 25.705 0.708 0.212 RRab
V147 23 26 27.625 +50 40 41.02 0.621 26.355 0.546 25.753 0.479 0.602 RRab
V148 23 26 27.665 +50 39 41.64 0.593 26.276 0.979 25.782 0.557 0.495 RRab
V149 23 26 27.682 +50 42 03.56 0.573 26.277 0.946 25.973 0.380 0.304 RRab
V150 23 26 27.700 +50 41 48.96 0.254 26.075 0.442 25.779 0.278 0.296 RRc
V151 23 26 27.771 +50 41 15.75 0.654 25.901 1.126 25.709 0.422 0.191 RRab
V152 23 26 27.779 +50 39 53.08 0.576 26.116 1.023 25.779 0.889 0.337 RRab
V153 23 26 27.811 +50 39 46.00 9.999 99.999 9.999 99.999 9.999 9.999 3
V154 23 26 27.811 +50 39 46.00 9.999 99.999 9.999 99.999 9.999 9.999 3
V155 23 26 27.854 +50 40 47.97 0.528 25.874 1.632 25.593 1.220 0.281 RRab
V156 23 26 27.864 +50 42 17.38 0.516 26.099 1.479 25.574 1.273 0.525 RRab
V157 23 26 27.917 +50 40 25.23 0.560 25.992 1.384 25.610 1.156 0.382 RRab
V158 23 26 28.049 +50 40 01.96 0.567 26.148 1.343 25.693 1.746 0.455 RRab
V159 23 26 28.063 +50 41 46.64 0.351 25.987 0.794 25.710 0.449 0.277 RRc
V160 23 26 28.105 +50 41 47.98 0.385 25.815 0.717 25.761 0.970 0.054 RRc
V161 23 26 28.111 +50 40 00.19 0.290 25.995 0.770 25.827 0.323 0.169 RRc
V162 23 26 28.222 +50 43 04.09 0.346 26.212 0.464 25.810 0.452 0.402 RRc
V163 23 26 28.363 +50 42 06.73 0.551 26.250 1.493 25.906 1.077 0.344 RRab
V164 23 26 28.405 +50 41 39.46 0.592 26.057 1.243 25.875 1.595 0.182 RRab
V165 23 26 28.405 +50 41 39.46 0.654 26.208 0.915 25.810 0.551 0.398 RRab
V166 23 26 28.415 +50 42 47.92 0.362 26.046 0.281 25.790 0.253 0.256 RRc
V167 23 26 28.417 +50 41 59.86 0.617 26.251 0.797 25.761 0.429 0.491 RRab
V168 23 26 28.419 +50 42 04.25 0.557 26.103 1.366 25.715 0.961 0.388 RRab
V169 23 26 28.491 +50 40 30.69 0.342 26.029 0.553 25.754 0.513 0.275 RRc
V170 23 26 28.522 +50 40 06.23 0.536 26.046 1.552 25.987 0.452 0.059 RRab
V171 23 26 28.536 +50 40 31.97 0.477 26.032 1.665 25.941 0.566 0.091 RRab
V172 23 26 28.566 +50 41 21.30 0.509 26.129 1.791 25.743 1.500 0.386 RRab
V173 23 26 28.590 +50 42 38.27 0.342 26.140 0.553 25.893 0.460 0.247 RRc
V174 23 26 28.638 +50 41 33.77 0.489 26.092 1.165 25.946 0.741 0.146 RRab
V175 23 26 28.640 +50 40 17.50 0.274 25.938 0.443 25.767 0.322 0.170 RRc
V176 23 26 28.656 +50 41 42.84 0.291 25.988 0.534 25.834 0.469 0.154 RRc
V177 23 26 28.665 +50 42 20.85 0.296 26.069 0.759 25.782 0.554 0.287 RRc
V178 23 26 28.670 +50 40 35.73 0.299 25.989 0.690 25.693 0.558 0.296 RRc
V179 23 26 28.686 +50 40 35.92 0.273 26.050 0.602 25.704 0.362 0.346 RRc
V180 23 26 28.710 +50 42 02.82 0.574 25.827 1.051 25.521 0.222 0.306 RRab
V181 23 26 28.710 +50 42 02.82 0.983 25.914 0.758 25.734 0.485 0.180 RRab
V182 23 26 28.813 +50 40 07.40 0.293 25.989 0.652 25.857 0.943 0.131 RRc
V183 23 26 28.830 +50 40 54.95 0.599 24.523 0.838 24.537 0.001 0.015 AC
V184 23 26 28.830 +50 40 54.95 9.999 99.999 9.999 99.999 9.999 9.999 Unclassified
V185 23 26 28.838 +50 40 22.17 0.529 26.222 1.478 25.850 1.227 0.373 RRab
V186 23 26 28.841 +50 39 43.38 0.569 26.196 1.204 25.772 0.960 0.423 RRab
V187 23 26 28.849 +50 41 03.90 0.303 25.914 0.600 25.549 0.701 0.365 RRc
V188 23 26 28.854 +50 41 15.71 0.311 25.914 0.733 25.665 0.484 0.250 RRc
V189 23 26 28.930 +50 42 34.55 0.369 26.033 0.555 25.693 0.411 0.340 RRc
V190 23 26 28.944 +50 40 20.17 0.564 26.102 1.168 26.019 0.328 0.083 RRab
V191 23 26 29.016 +50 41 00.93 0.346 26.073 0.648 25.620 0.668 0.453 RRc
V192 23 26 29.061 +50 42 07.86 0.618 26.204 0.796 25.829 0.641 0.375 RRab
V193 23 26 29.073 +50 40 18.37 0.505 26.191 1.470 25.966 0.925 0.226 RRab
V194 23 26 29.095 +50 42 13.82 0.561 26.284 1.343 25.928 1.113 0.356 RRab
V195 23 26 29.110 +50 40 52.39 0.550 26.030 1.011 25.764 0.885 0.265 RRab
V196 23 26 29.112 +50 41 15.09 0.345 26.103 0.879 25.770 0.362 0.333 RRc
V197 23 26 29.135 +50 40 16.78 0.563 25.950 0.936 25.687 0.805 0.263 RRab
V198 23 26 29.165 +50 42 00.12 0.549 25.979 1.216 25.895 0.801 0.084 RRab
V199 23 26 29.212 +50 40 19.33 0.552 25.199 0.491 24.830 0.000 0.369 AC
V200 23 26 29.212 +50 40 19.33 0.378 26.116 0.816 25.765 0.405 0.351 RRc
V201 23 26 29.259 +50 39 57.49 0.279 25.997 0.542 25.835 0.515 0.162 RRc
V202 23 26 29.304 +50 41 48.26 0.572 25.989 1.723 25.816 1.300 0.174 RRab
V203 23 26 29.317 +50 40 33.74 0.337 25.955 0.727 25.570 0.534 0.385 RRc
V204 23 26 29.323 +50 42 09.95 0.573 26.138 0.679 25.758 0.511 0.380 RRab
V205 23 26 29.335 +50 41 33.33 0.566 26.054 1.557 25.657 1.201 0.397 RRab
V206 23 26 29.357 +50 41 59.15 0.634 25.779 1.947 25.673 1.221 0.106 RRab
V207 23 26 29.447 +50 40 44.01 0.503 26.097 1.360 25.720 1.252 0.377 RRab
V208 23 26 29.501 +50 41 45.20 0.720 26.236 0.769 25.798 0.698 0.438 RRab
V209 23 26 29.548 +50 41 31.21 0.570 26.176 0.627 25.894 1.217 0.282 RRab
V210 23 26 29.548 +50 41 31.21 0.649 26.118 1.213 25.800 0.863 0.318 RRab
V211 23 26 29.554 +50 41 17.06 0.587 26.106 1.045 25.978 0.299 0.127 RRab
V212 23 26 29.562 +50 40 35.11 0.664 26.215 0.488 25.679 0.705 0.536 RRab
V213 23 26 29.585 +50 39 43.71 0.266 26.073 0.463 25.764 0.377 0.308 RRc
V214 23 26 29.606 +50 41 22.89 0.331 26.111 0.690 25.722 0.584 0.390 RRc
V215 23 26 29.653 +50 40 07.46 0.583 26.287 0.632 25.755 0.389 0.533 RRab
V216 23 26 29.663 +50 40 05.59 0.540 25.980 1.522 25.850 0.407 0.129 RRab
V217 23 26 29.683 +50 40 11.86 0.621 26.028 1.291 25.931 0.536 0.096 RRab
V218 23 26 29.689 +50 40 14.64 0.342 26.088 0.753 25.734 0.432 0.355 RRc
V219 23 26 29.715 +50 40 31.02 0.281 26.032 0.674 25.779 0.459 0.254 RRc
V220 23 26 29.793 +50 40 07.88 0.596 26.094 1.391 25.638 1.184 0.456 RRab
V221 23 26 29.798 +50 41 31.70 0.557 26.122 1.367 25.865 1.162 0.257 RRab
V222 23 26 29.799 +50 39 54.94 0.407 26.068 0.647 25.601 0.450 0.467 RRc
V223 23 26 29.826 +50 39 58.88 0.469 26.088 1.537 25.760 1.389 0.328 RRab
V224 23 26 29.883 +50 39 55.70 0.664 25.874 1.646 25.591 0.860 0.283 RRab
V225 23 26 29.940 +50 41 00.66 0.772 26.112 0.622 25.611 0.640 0.501 RRab
V226 23 26 29.953 +50 40 53.91 0.314 25.918 0.500 25.690 0.437 0.228 RRc
V227 23 26 29.991 +50 41 21.82 0.598 25.832 0.600 25.394 0.174 0.439 RRab
V228 23 26 29.991 +50 41 21.82 0.630 26.223 1.083 26.154 0.002 0.069 RRab
V229 23 26 30.146 +50 42 17.79 0.596 26.070 1.241 25.545 1.214 0.525 RRab
V230 23 26 30.147 +50 40 41.51 0.542 26.159 0.720 26.054 0.558 0.105 RRab
V231 23 26 30.158 +50 41 05.56 0.581 25.863 1.278 25.742 0.338 0.121 RRab
V232 23 26 30.233 +50 39 50.65 0.649 26.148 0.605 25.947 0.557 0.201 RRab
V233 23 26 30.251 +50 41 30.90 0.540 26.180 1.306 25.536 0.666 0.644 RRab
V234 23 26 30.287 +50 40 40.71 0.608 26.231 0.704 25.778 0.722 0.454 RRab
V235 23 26 30.356 +50 40 43.77 0.587 26.233 1.111 25.910 0.632 0.323 RRab
V236 23 26 30.363 +50 40 48.63 0.315 25.991 0.618 25.659 0.397 0.333 RRc
V237 23 26 30.376 +50 40 09.31 0.365 26.001 0.703 25.685 0.565 0.317 RRc
V238 23 26 30.497 +50 42 08.21 0.520 26.186 1.047 25.898 0.398 0.288 RRab
V239 23 26 30.515 +50 40 30.42 0.714 25.947 1.114 25.842 0.577 0.105 RRab
V240 23 26 30.518 +50 41 20.05 0.515 26.135 0.977 25.950 0.653 0.185 RRab
V241 23 26 30.577 +50 40 06.99 0.482 26.143 1.607 25.773 1.462 0.371 RRab
V242 23 26 30.718 +50 41 57.03 0.332 26.073 0.651 25.772 0.640 0.301 RRc
V243 23 26 30.721 +50 39 55.44 0.353 26.009 0.468 25.708 0.615 0.300 RRc
V244 23 26 30.735 +50 40 57.48 0.519 26.133 0.966 25.829 0.285 0.304 RRab
V245 23 26 30.781 +50 40 48.21 0.391 25.775 0.659 25.658 0.882 0.118 RRc
V246 23 26 30.818 +50 39 56.81 1.051 24.225 0.791 24.319 1.218 0.094 AC
V247 23 26 30.818 +50 39 56.81 0.591 26.182 1.040 26.015 1.524 0.167 RRab
V248 23 26 30.853 +50 42 34.58 0.758 26.134 0.570 25.671 0.369 0.463 RRab
V249 23 26 30.907 +50 41 57.34 0.635 25.991 1.054 25.829 0.537 0.162 RRab
V250 23 26 30.917 +50 40 56.60 0.523 26.050 1.301 25.817 0.944 0.234 RRab
V251 23 26 30.935 +50 41 39.07 0.626 26.163 0.750 25.877 0.463 0.286 RRab
V252 23 26 30.995 +50 42 20.21 0.530 26.286 1.061 25.972 0.418 0.314 RRab
V253 23 26 31.007 +50 39 55.64 0.587 26.145 1.112 25.686 0.891 0.459 RRab
V254 23 26 31.029 +50 39 49.36 0.349 25.939 0.491 25.586 0.286 0.354 RRc
V255 23 26 31.029 +50 40 05.43 0.390 25.952 0.504 25.721 0.659 0.232 RRc
V256 23 26 31.197 +50 40 35.69 0.554 26.114 1.269 25.821 1.058 0.293 RRab
V257 23 26 31.221 +50 41 25.08 0.516 24.221 0.542 24.169 0.508 0.052 AC
V258 23 26 31.221 +50 41 25.08 0.649 26.053 1.206 25.797 1.176 0.256 RRab
V259 23 26 31.363 +50 41 10.94 0.299 25.995 0.705 25.556 0.457 0.440 RRc
V260 23 26 31.403 +50 40 27.36 0.584 26.111 0.715 25.756 0.422 0.355 RRab
V261 23 26 31.425 +50 41 12.71 0.491 26.163 1.567 25.757 1.289 0.406 RRab
V262 23 26 31.429 +50 40 48.10 0.478 26.062 1.727 25.723 1.402 0.339 RRab
V263 23 26 31.432 +50 40 06.22 0.579 26.110 1.224 25.734 0.829 0.376 RRab
V264 23 26 31.432 +50 40 22.96 0.568 25.993 1.335 25.927 0.780 0.065 RRab
V265 23 26 31.542 +50 40 28.32 0.612 26.052 1.169 25.676 1.034 0.376 RRab
V266 23 26 31.577 +50 41 08.20 0.520 25.941 1.757 25.748 1.163 0.193 RRab
V267 23 26 31.591 +50 40 19.98 0.567 26.091 1.194 25.855 0.985 0.236 RRab
V268 23 26 31.593 +50 42 37.44 0.548 26.135 1.254 25.793 1.044 0.342 RRab
V269 23 26 31.610 +50 40 47.72 0.586 26.062 1.571 25.821 0.995 0.241 RRab
V270 23 26 31.625 +50 40 51.01 0.520 26.084 1.220 25.626 1.290 0.458 RRab
V271 23 26 31.625 +50 40 51.01 0.612 26.193 0.886 25.587 1.174 0.606 RRab
V272 23 26 31.649 +50 40 22.54 0.343 25.882 0.562 25.648 0.534 0.234 RRc
V273 23 26 31.655 +50 42 29.86 0.315 25.972 0.634 25.677 0.540 0.294 RRc
V274 23 26 31.692 +50 39 59.35 0.675 26.165 1.002 25.740 1.059 0.425 RRab
V275 23 26 31.726 +50 40 49.33 0.517 25.985 0.850 25.697 0.274 0.288 RRab
V276 23 26 31.765 +50 40 52.55 0.490 26.065 1.185 25.991 0.289 0.074 RRab
V277 23 26 31.779 +50 40 53.45 0.508 25.964 0.856 25.732 0.691 0.232 RRab
V278 23 26 31.810 +50 42 12.45 0.293 26.034 0.730 25.725 0.515 0.308 RRc
V279 23 26 31.874 +50 42 10.91 0.591 26.301 0.985 26.016 0.083 0.285 RRab
V280 23 26 31.882 +50 39 54.96 0.332 26.065 0.488 25.967 0.187 0.098 RRc
V281 23 26 31.890 +50 42 52.65 0.585 26.059 1.161 25.753 0.814 0.306 RRab
V282 23 26 31.898 +50 42 22.72 0.297 25.999 0.504 25.855 0.446 0.144 RRc
V283 23 26 31.907 +50 40 10.39 0.587 26.014 1.416 26.036 0.525 0.023 RRab
V284 23 26 31.938 +50 41 03.67 0.533 26.072 1.439 25.667 1.063 0.405 RRab
V285 23 26 32.072 +50 42 12.46 0.480 26.053 1.649 26.022 0.624 0.032 RRab
V286 23 26 32.120 +50 39 55.35 0.528 26.069 1.149 25.644 1.383 0.425 RRab
V287 23 26 32.219 +50 42 22.77 0.336 25.960 0.440 25.872 0.241 0.088 RRc
V288 23 26 32.247 +50 40 17.18 0.290 26.066 0.709 25.746 0.578 0.320 RRc
V289 23 26 32.301 +50 42 18.64 0.384 25.924 0.528 25.704 0.610 0.219 RRc
V290 23 26 32.306 +50 41 09.83 0.339 26.105 0.495 25.716 0.437 0.389 RRc
V291 23 26 32.433 +50 42 27.94 0.355 26.020 0.577 25.762 0.352 0.258 RRc
V292 23 26 32.463 +50 41 30.39 0.546 26.095 1.505 25.862 0.971 0.233 RRab
V293 23 26 32.525 +50 43 12.20 0.532 25.985 0.709 25.685 1.104 0.300 RRab
V294 23 26 32.533 +50 42 34.86 0.329 26.014 0.796 25.681 0.474 0.333 RRc
V295 23 26 32.536 +50 40 30.54 0.314 25.959 0.790 25.602 0.515 0.357 RRc
V296 23 26 32.547 +50 42 58.32 0.508 26.033 1.558 25.839 0.856 0.194 RRab
V297 23 26 32.554 +50 40 00.48 0.520 26.087 1.323 25.875 0.610 0.212 RRab
V298 23 26 32.557 +50 40 52.03 0.388 25.969 0.597 25.536 0.611 0.433 RRc
V299 23 26 32.557 +50 43 08.55 0.779 25.990 0.996 25.702 0.631 0.288 RRab
V300 23 26 32.568 +50 42 07.55 0.574 26.111 0.829 25.670 0.805 0.440 RRab
V301 23 26 32.568 +50 42 07.55 0.291 26.038 0.478 25.827 0.006 0.211 RRc
V302 23 26 32.578 +50 39 59.79 0.384 25.936 0.498 25.630 0.630 0.307 RRc
V303 23 26 32.604 +50 41 42.97 0.592 26.169 1.163 25.837 0.821 0.332 RRab
V304 23 26 32.681 +50 40 59.99 0.398 25.881 0.631 25.580 0.572 0.301 RRc
V305 23 26 32.693 +50 40 46.14 0.596 26.049 0.530 25.863 0.450 0.185 RRab
V306 23 26 32.715 +50 41 49.33 0.565 25.964 1.610 25.697 1.420 0.267 RRab
V307 23 26 32.768 +50 42 09.46 0.520 26.180 1.281 25.805 1.029 0.375 RRab
V308 23 26 32.800 +50 41 24.84 0.467 26.008 1.594 25.778 1.092 0.229 RRab
V309 23 26 32.843 +50 40 56.70 0.507 26.100 1.390 25.562 1.176 0.538 RRab
V310 23 26 32.846 +50 42 17.28 0.536 26.154 0.679 25.860 0.523 0.294 RRab
V311 23 26 32.857 +50 40 46.75 0.555 25.804 0.978 25.693 0.539 0.112 RRab
V312 23 26 32.909 +50 42 36.19 0.332 26.171 0.399 25.869 0.440 0.301 RRc
V313 23 26 32.982 +50 42 57.40 0.333 26.040 0.705 25.722 0.498 0.318 RRc
V314 23 26 33.067 +50 40 05.44 0.455 26.348 1.294 25.906 1.434 0.442 RRab
V315 23 26 33.083 +50 40 19.13 0.535 26.137 0.741 25.119 0.716 1.017 RRab
V316 23 26 33.083 +50 40 19.13 0.409 26.143 0.331 25.676 0.532 0.467 RRc
V317 23 26 33.132 +50 42 40.11 0.502 25.996 1.552 25.770 0.928 0.227 RRab
V318 23 26 33.138 +50 39 53.97 0.519 26.108 1.367 25.802 1.126 0.306 RRab
V319 23 26 33.149 +50 42 08.97 0.438 26.064 0.692 25.796 0.500 0.268 RRd
V320 23 26 33.149 +50 42 08.97 9.999 99.999 9.999 99.999 9.999 9.999 Unclassified
V321 23 26 33.160 +50 39 54.86 0.557 26.307 1.068 25.863 1.214 0.444 RRab
V322 23 26 33.169 +50 43 20.95 0.530 26.157 1.130 25.709 1.149 0.448 RRab
V323 23 26 33.225 +50 39 58.87 0.752 26.128 0.832 25.702 0.665 0.426 RRab
V324 23 26 33.259 +50 41 02.60 0.557 26.365 0.721 25.799 0.597 0.566 RRab
V325 23 26 33.270 +50 40 44.22 0.517 25.968 1.807 25.550 0.520 0.418 RRab
V326 23 26 33.271 +50 41 12.43 0.533 25.929 1.064 25.568 0.862 0.361 RRab
V327 23 26 33.366 +50 41 02.62 0.540 26.259 0.813 25.879 0.274 0.380 RRab
V328 23 26 33.371 +50 43 16.88 0.275 25.991 0.673 25.808 0.180 0.183 RRc
V329 23 26 33.393 +50 40 24.89 0.614 26.090 1.066 25.604 0.999 0.486 RRab
V330 23 26 33.422 +50 40 09.92 0.350 26.102 0.564 25.802 0.363 0.300 RRc
V331 23 26 33.437 +50 41 34.23 0.488 25.992 1.035 25.715 0.316 0.277 RRab
V332 23 26 33.441 +50 42 56.92 0.580 26.214 1.019 25.881 0.647 0.333 RRab
V333 23 26 33.447 +50 40 01.55 0.638 25.972 1.356 25.726 0.714 0.246 RRab
V334 23 26 33.466 +50 40 36.61 0.576 26.163 0.857 25.620 0.826 0.543 RRab
V335 23 26 33.503 +50 41 53.27 0.435 25.898 0.489 25.654 0.489 0.244 RRc
V336 23 26 33.589 +50 42 40.63 0.663 26.025 1.403 25.832 0.921 0.193 RRab
V337 23 26 33.589 +50 42 40.63 0.352 25.961 0.624 25.638 0.635 0.323 RRc
V338 23 26 33.594 +50 41 24.31 0.576 26.204 1.099 25.749 0.815 0.455 RRab
V339 23 26 33.646 +50 42 33.47 0.608 26.105 0.842 25.672 0.815 0.433 RRab
V340 23 26 33.667 +50 40 48.63 0.360 25.862 0.694 25.612 0.615 0.250 RRc
V341 23 26 33.692 +50 40 27.32 0.543 26.093 0.977 25.792 0.401 0.301 RRab
V342 23 26 33.805 +50 43 23.35 0.568 26.049 1.433 25.724 1.265 0.324 RRab
V343 23 26 33.808 +50 40 15.61 0.600 26.161 1.156 25.996 0.320 0.164 RRab
V344 23 26 33.840 +50 42 30.12 0.348 25.855 0.406 25.515 0.200 0.340 RRc
V345 23 26 33.872 +50 40 13.81 0.400 26.063 0.679 25.763 0.184 0.300 RRc
V346 23 26 33.897 +50 41 41.03 0.562 25.954 0.984 25.965 0.045 0.011 RRab
V347 23 26 34.008 +50 40 17.38 0.587 26.223 1.055 25.916 0.795 0.308 RRab
V348 23 26 34.055 +50 42 22.43 0.474 26.052 1.727 25.802 1.655 0.251 RRab
V349 23 26 34.078 +50 40 38.56 0.544 26.141 1.619 26.074 1.914 0.066 RRab
V350 23 26 34.123 +50 42 35.45 0.553 26.107 1.396 25.701 0.910 0.406 RRab
V351 23 26 34.150 +50 42 32.62 0.620 25.830 1.446 25.704 0.470 0.127 RRab
V352 23 26 34.184 +50 41 23.99 0.509 25.570 0.383 24.861 1.213 0.709 RRab
V353 23 26 34.184 +50 41 23.99 0.256 26.549 0.436 25.722 0.153 0.828 RRc
V354 23 26 34.250 +50 40 48.67 0.564 26.154 0.943 25.976 0.500 0.178 RRab
V355 23 26 34.250 +50 40 48.67 9.999 99.999 9.999 99.999 9.999 9.999 Unclassified
V356 23 26 34.297 +50 40 44.79 0.548 25.947 1.128 25.539 1.509 0.408 RRab
V357 23 26 34.299 +50 41 04.13 0.349 26.163 0.667 25.852 0.257 0.311 RRc
V358 23 26 34.322 +50 40 08.81 0.434 26.189 0.438 25.738 0.381 0.451 RRc
V359 23 26 34.393 +50 41 35.99 0.499 26.007 1.581 25.854 0.995 0.153 RRab
V360 23 26 34.400 +50 42 01.84 0.342 26.049 0.585 25.687 0.725 0.361 RRc
V361 23 26 34.407 +50 42 57.42 0.271 25.962 0.285 25.716 0.253 0.246 RRc
V362 23 26 34.485 +50 40 01.24 0.616 26.032 1.142 25.792 0.713 0.240 RRab
V363 23 26 34.534 +50 43 05.03 0.538 26.132 1.490 26.048 0.862 0.084 RRab
V364 23 26 34.557 +50 41 38.81 0.660 25.980 1.256 25.814 0.778 0.166 RRab
V365 23 26 34.558 +50 42 11.01 0.654 25.864 1.031 25.605 0.770 0.259 RRab
V366 23 26 34.684 +50 42 36.79 0.600 26.125 1.219 25.730 0.636 0.394 RRab
V367 23 26 34.718 +50 40 41.27 0.583 25.930 1.358 25.728 0.465 0.201 RRab
V368 23 26 34.718 +50 40 41.27 0.351 25.920 0.556 25.828 0.148 0.091 RRc
V369 23 26 34.731 +50 40 37.15 0.481 26.073 1.506 25.726 1.111 0.347 RRab
V370 23 26 34.750 +50 40 26.85 0.592 26.053 1.289 26.013 1.172 0.040 RRab
V371 23 26 34.834 +50 40 56.10 0.591 26.181 1.003 25.779 0.736 0.402 RRab
V372 23 26 34.864 +50 40 51.60 0.580 26.176 1.159 25.768 0.889 0.408 RRab
V373 23 26 34.918 +50 42 33.75 0.344 26.020 0.665 25.606 0.575 0.414 RRc
V374 23 26 34.973 +50 40 54.59 0.366 25.962 0.666 25.804 0.340 0.158 RRc
V375 23 26 34.999 +50 40 27.84 0.533 26.042 1.368 25.987 0.464 0.055 RRab
V376 23 26 35.149 +50 40 46.05 0.297 26.000 0.566 25.692 0.453 0.309 RRc
V377 23 26 35.161 +50 43 04.40 0.551 25.980 1.594 25.737 0.836 0.243 RRab
V378 23 26 35.197 +50 42 06.93 0.478 26.039 1.241 25.782 0.671 0.256 RRab
V379 23 26 35.215 +50 42 13.47 0.591 25.974 1.332 25.676 0.919 0.298 RRab
V380 23 26 35.255 +50 40 14.29 0.355 26.027 0.645 25.671 0.509 0.356 RRc
V381 23 26 35.280 +50 41 17.79 0.482 26.068 1.517 25.991 0.516 0.077 RRab
V382 23 26 35.294 +50 41 21.72 0.515 26.237 0.928 25.725 0.492 0.512 RRab
V383 23 26 35.300 +50 42 07.38 0.353 25.845 0.368 25.586 0.415 0.259 RRc
V384 23 26 35.351 +50 41 06.06 0.341 26.015 0.812 25.851 0.397 0.165 RRc
V385 23 26 35.374 +50 40 36.73 0.550 26.102 0.742 25.923 0.297 0.179 RRab
V386 23 26 35.396 +50 41 13.82 0.359 25.937 0.401 25.652 0.296 0.286 RRc
V387 23 26 35.418 +50 42 09.47 0.587 26.064 1.055 25.695 0.817 0.369 RRab
V388 23 26 35.422 +50 41 36.36 0.640 26.048 0.983 25.518 0.694 0.530 RRab
V389 23 26 35.468 +50 40 55.55 0.508 26.026 1.430 25.893 0.806 0.134 RRab
V390 23 26 35.487 +50 40 12.56 0.505 26.090 1.595 25.673 1.281 0.417 RRab
V391 23 26 35.506 +50 41 12.57 0.460 26.148 1.351 25.718 1.050 0.430 RRab
V392 23 26 35.525 +50 40 54.75 0.571 26.215 0.916 25.703 0.839 0.512 RRab
V393 23 26 35.527 +50 40 09.18 0.549 26.119 1.417 26.013 0.476 0.106 RRab
V394 23 26 35.573 +50 41 09.90 0.270 26.005 0.386 25.657 0.322 0.348 RRc
V395 23 26 35.692 +50 41 23.15 0.344 26.004 0.470 25.683 0.328 0.321 RRc
V396 23 26 35.728 +50 40 24.06 0.714 26.241 0.520 25.784 0.366 0.458 RRab
V397 23 26 35.730 +50 40 54.95 0.363 26.035 0.612 25.724 0.340 0.312 RRd
V398 23 26 35.730 +50 40 54.95 9.999 99.999 9.999 99.999 9.999 9.999 Unclassified
V399 23 26 35.758 +50 40 01.23 0.639 26.215 1.123 25.706 1.536 0.509 RRab
V400 23 26 35.796 +50 40 46.61 0.621 26.077 1.321 25.907 0.001 0.170 RRab
V401 23 26 35.800 +50 41 53.20 0.356 25.911 0.561 25.562 0.297 0.349 RRc
V402 23 26 35.815 +50 40 49.50 0.534 25.944 1.395 25.751 1.197 0.193 RRab
V403 23 26 35.825 +50 40 43.00 0.318 25.941 0.329 25.726 0.201 0.215 RRc
V404 23 26 35.839 +50 43 18.42 0.529 26.103 1.420 26.005 0.001 0.098 RRab
V405 23 26 35.842 +50 43 01.49 0.509 26.119 1.473 25.650 1.164 0.469 RRab
V406 23 26 35.882 +50 40 04.69 0.564 26.215 0.820 25.945 0.005 0.269 RRab
V407 23 26 35.890 +50 41 38.42 0.605 26.300 1.025 25.746 0.861 0.554 RRab
V408 23 26 35.903 +50 41 23.18 0.418 25.864 0.563 25.561 0.547 0.303 RRc
V409 23 26 35.903 +50 40 31.40 0.509 26.247 1.408 26.017 0.699 0.229 RRab
V410 23 26 35.921 +50 40 28.97 0.540 26.122 1.364 26.184 0.615 0.062 RRab
V411 23 26 35.924 +50 40 13.26 0.294 26.062 0.768 25.766 0.532 0.296 RRc
V412 23 26 35.948 +50 41 55.36 0.604 25.855 0.728 25.650 0.620 0.206 RRab
V413 23 26 35.990 +50 40 45.56 0.510 26.159 1.399 26.006 0.403 0.153 RRab
V414 23 26 36.009 +50 42 14.07 0.616 26.129 1.042 25.921 1.187 0.209 RRab
V415 23 26 36.009 +50 42 14.07 0.584 26.228 0.731 25.827 0.300 0.401 RRab
V416 23 26 36.070 +50 41 33.95 0.324 25.975 0.614 25.703 0.577 0.272 RRc
V417 23 26 36.075 +50 43 15.13 0.659 26.238 0.517 25.768 0.359 0.470 RRab
V418 23 26 36.078 +50 40 09.72 0.598 26.041 0.676 25.548 0.438 0.492 RRab
V419 23 26 36.081 +50 40 41.84 0.607 26.018 0.969 25.260 2.023 0.758 RRab
V420 23 26 36.081 +50 40 41.84 0.267 26.044 0.463 25.758 0.440 0.286 RRc
V421 23 26 36.088 +50 40 48.35 0.348 25.970 0.678 25.700 0.490 0.270 RRc
V422 23 26 36.092 +50 42 39.15 0.561 25.982 1.217 25.573 1.491 0.409 RRab
V423 23 26 36.116 +50 41 32.67 0.568 26.112 0.945 25.649 0.737 0.463 RRab
V424 23 26 36.116 +50 42 46.01 0.501 25.990 1.418 25.521 1.273 0.469 RRab
V425 23 26 36.133 +50 42 42.70 0.596 26.203 0.969 25.775 1.307 0.428 RRab
V426 23 26 36.146 +50 41 40.12 0.586 26.003 1.351 25.652 0.566 0.351 RRab
V427 23 26 36.172 +50 41 37.24 0.514 26.105 1.444 25.975 0.452 0.130 RRab
V428 23 26 36.191 +50 41 57.98 0.657 26.058 0.713 25.733 0.731 0.325 RRab
V429 23 26 36.223 +50 40 47.07 0.591 26.079 0.903 25.809 1.173 0.270 RRab
V430 23 26 36.275 +50 41 46.86 0.543 26.106 1.576 25.754 1.065 0.352 RRab
V431 23 26 36.321 +50 40 32.15 0.695 25.472 0.537 25.158 0.932 0.314 RRab
V432 23 26 36.321 +50 40 32.15 0.739 26.143 0.518 25.538 0.538 0.604 RRab
V433 23 26 36.361 +50 41 09.42 0.357 26.093 0.600 25.821 0.439 0.272 RRc
V434 23 26 36.371 +50 41 44.67 0.630 26.306 1.159 25.734 1.068 0.571 RRab
V435 23 26 36.380 +50 40 04.93 0.591 26.284 1.105 26.016 0.444 0.268 RRab
V436 23 26 36.421 +50 40 22.90 0.288 26.062 0.802 25.729 0.483 0.333 RRc
V437 23 26 36.474 +50 42 20.15 0.582 25.872 1.421 25.866 0.745 0.006 RRab
V438 23 26 36.568 +50 42 02.94 0.343 25.948 0.513 25.577 0.523 0.371 RRd
V439 23 26 36.582 +50 40 23.96 0.503 26.172 1.279 25.926 0.985 0.246 RRab
V440 23 26 36.591 +50 41 30.35 0.550 25.957 1.190 25.854 0.712 0.103 RRab
V441 23 26 36.663 +50 42 49.12 0.393 25.945 0.602 25.658 0.320 0.288 RRc
V442 23 26 36.701 +50 41 47.76 0.614 26.011 1.306 25.882 0.829 0.129 RRab
V443 23 26 36.728 +50 40 48.64 0.338 26.043 0.798 25.722 0.746 0.322 RRc
V444 23 26 36.824 +50 40 42.44 0.554 26.055 1.204 25.690 0.934 0.364 RRab
V445 23 26 36.853 +50 40 49.92 0.296 26.132 0.421 25.832 0.362 0.300 RRc
V446 23 26 36.853 +50 40 12.96 0.598 26.241 0.630 25.698 0.806 0.543 RRab
V447 23 26 36.885 +50 41 07.25 0.667 26.051 0.568 25.774 0.415 0.276 RRab
V448 23 26 36.888 +50 41 39.73 0.273 25.974 0.395 25.733 0.232 0.241 RRc
V449 23 26 36.941 +50 41 43.22 0.378 25.858 0.537 25.625 0.319 0.233 RRc
V450 23 26 36.963 +50 41 04.26 0.621 26.083 1.391 25.649 1.181 0.434 RRab
V451 23 26 36.972 +50 41 08.48 0.536 26.082 1.394 25.926 0.463 0.156 RRab
V452 23 26 36.983 +50 41 25.12 0.526 26.143 1.277 25.683 1.157 0.460 RRab
V453 23 26 37.023 +50 42 39.49 0.360 26.020 0.592 25.747 0.431 0.273 RRc
V454 23 26 37.179 +50 43 02.92 0.369 25.985 0.765 25.741 0.365 0.244 RRc
V455 23 26 37.236 +50 42 16.78 0.463 26.174 1.642 25.943 0.888 0.230 RRab
V456 23 26 37.275 +50 41 21.78 0.324 25.973 0.585 25.693 0.719 0.281 RRc
V457 23 26 37.338 +50 41 36.33 0.612 26.148 0.590 25.923 0.580 0.225 RRab
V458 23 26 37.359 +50 41 17.82 0.753 25.917 1.016 25.528 0.838 0.389 RRab
V459 23 26 37.359 +50 41 17.82 1.031 24.437 1.142 24.347 0.947 0.090 AC
V460 23 26 37.412 +50 40 58.83 0.773 26.287 0.744 25.980 0.287 0.307 RRab
V461 23 26 37.433 +50 42 07.04 0.515 25.958 1.923 25.704 1.525 0.254 RRab
V462 23 26 37.444 +50 40 33.67 0.657 26.120 1.030 25.864 0.435 0.256 RRab
V463 23 26 37.474 +50 42 33.70 0.649 26.175 0.595 25.907 0.190 0.268 RRab
V464 23 26 37.485 +50 40 08.15 0.596 26.247 0.998 26.098 0.694 0.148 RRab
V465 23 26 37.504 +50 41 38.68 0.345 26.052 0.698 25.725 0.452 0.327 RRc
V466 23 26 37.518 +50 41 02.63 0.426 25.980 0.475 25.730 0.354 0.250 RRc
V467 23 26 37.529 +50 42 09.95 0.478 26.040 1.638 25.719 1.130 0.321 RRab
V468 23 26 37.563 +50 42 59.02 0.546 26.093 1.400 25.808 0.820 0.285 RRab
V469 23 26 37.602 +50 42 33.31 0.346 25.980 0.586 25.624 0.725 0.356 RRd
V470 23 26 37.602 +50 42 33.31 9.999 99.999 9.999 99.999 9.999 9.999 Unclassified
V471 23 26 37.661 +50 43 04.70 0.329 25.921 0.507 25.659 0.489 0.263 RRc
V472 23 26 37.715 +50 40 22.04 0.654 26.112 1.105 25.844 0.863 0.268 RRab
V473 23 26 37.718 +50 43 28.72 0.546 26.239 1.299 25.965 1.087 0.274 RRab
V474 23 26 37.728 +50 40 28.56 0.589 26.266 0.901 26.005 0.417 0.261 RRab
V475 23 26 37.796 +50 42 46.04 0.266 26.149 0.377 25.726 0.336 0.423 RRc
V476 23 26 37.818 +50 42 17.75 0.565 26.112 0.842 25.739 0.866 0.373 RRab
V477 23 26 37.843 +50 40 30.29 0.334 26.184 0.588 25.785 0.343 0.399 RRc
V478 23 26 37.901 +50 40 57.85 0.348 26.107 0.624 25.775 0.516 0.333 RRc
V479 23 26 37.930 +50 40 50.33 0.281 26.024 0.579 25.767 0.510 0.256 RRc
V480 23 26 37.990 +50 43 19.57 0.635 26.132 0.803 25.828 0.405 0.304 RRab
V481 23 26 38.004 +50 40 35.78 0.591 26.233 1.361 25.860 0.734 0.372 RRab
V482 23 26 38.010 +50 41 03.98 0.530 26.117 1.135 26.006 0.730 0.111 RRab
V483 23 26 38.037 +50 40 32.91 0.530 26.026 1.800 26.096 0.734 0.069 RRab
V484 23 26 38.043 +50 41 23.51 0.539 26.144 1.203 25.670 1.445 0.474 RRab
V485 23 26 38.132 +50 42 44.91 0.533 26.021 1.647 25.575 1.601 0.446 RRab
V486 23 26 38.152 +50 40 51.15 0.327 26.157 0.502 26.041 0.198 0.117 RRc
V487 23 26 38.291 +50 40 16.64 0.612 25.854 1.693 25.664 1.236 0.190 RRab
V488 23 26 38.339 +50 42 05.46 0.365 26.021 0.528 25.763 0.626 0.258 RRc
V489 23 26 38.357 +50 40 20.48 0.566 26.003 1.276 25.695 0.959 0.308 RRab
V490 23 26 38.515 +50 41 23.68 0.576 26.077 0.591 25.686 0.500 0.391 RRab
V491 23 26 38.527 +50 41 16.42 0.553 26.168 1.031 25.796 0.887 0.372 RRab
V492 23 26 38.531 +50 42 14.64 0.592 26.153 1.047 25.899 0.367 0.254 RRab
V493 23 26 38.546 +50 40 59.65 0.277 26.121 0.527 25.682 0.131 0.439 RRc
V494 23 26 38.614 +50 41 20.77 0.343 26.054 0.595 25.783 0.653 0.271 RRc
V495 23 26 38.616 +50 41 16.61 0.314 26.076 0.653 25.832 0.651 0.244 RRc
V496 23 26 38.645 +50 40 22.46 0.502 26.166 1.064 25.950 0.597 0.216 RRab
V497 23 26 38.652 +50 40 32.90 0.344 26.048 0.602 25.648 0.597 0.401 RRc
V498 23 26 38.723 +50 41 31.11 0.488 26.012 1.617 25.741 0.870 0.271 RRab
V499 23 26 38.724 +50 41 43.87 0.345 26.100 0.637 25.745 0.429 0.355 RRc
V500 23 26 38.769 +50 43 19.13 0.379 26.088 0.504 25.757 0.455 0.331 RRc
V501 23 26 38.815 +50 42 44.10 0.557 26.107 1.390 26.126 0.139 0.019 RRab
V502 23 26 38.821 +50 42 31.09 0.368 26.006 0.645 25.650 0.496 0.356 RRc
V503 23 26 38.847 +50 41 56.13 0.320 26.024 0.712 25.727 0.590 0.297 RRc
V504 23 26 38.916 +50 41 52.52 0.626 26.245 0.946 25.899 0.762 0.346 RRab
V505 23 26 38.940 +50 43 16.25 0.635 26.338 0.992 26.032 0.002 0.306 RRab
V506 23 26 38.960 +50 41 52.20 0.419 25.786 0.510 25.621 0.825 0.164 RRc
V507 23 26 38.980 +50 40 58.77 0.275 26.078 0.347 25.677 0.290 0.401 RRc
V508 23 26 39.000 +50 40 56.62 0.347 26.243 0.844 25.873 0.199 0.371 RRc
V509 23 26 39.002 +50 41 11.61 0.626 26.194 0.586 25.725 0.498 0.469 RRab
V510 23 26 39.056 +50 41 59.79 0.543 25.747 1.086 25.788 0.521 0.041 RRab
V511 23 26 39.063 +50 41 52.56 0.339 26.044 0.763 25.683 0.401 0.362 RRc
V512 23 26 39.143 +50 42 56.85 0.362 26.098 0.670 25.817 0.421 0.280 RRc
V513 23 26 39.182 +50 42 45.05 0.526 26.106 1.726 25.728 1.437 0.378 RRab
V514 23 26 39.286 +50 41 25.35 0.686 26.150 0.454 25.705 0.263 0.445 RRab
V515 23 26 39.329 +50 40 35.90 0.732 26.130 0.852 25.592 0.924 0.537 RRab
V516 23 26 39.348 +50 41 54.79 0.664 26.074 0.803 25.631 0.429 0.443 RRab
V517 23 26 39.362 +50 42 54.49 0.531 26.023 0.756 25.819 0.882 0.204 RRab
V518 23 26 39.412 +50 40 45.70 0.315 25.999 0.694 25.619 0.479 0.380 RRc
V519 23 26 39.464 +50 42 14.97 0.478 26.183 1.163 25.785 0.793 0.398 RRab
V520 23 26 39.464 +50 40 17.26 0.396 26.251 0.589 25.645 0.693 0.605 RRc
V521 23 26 39.475 +50 41 46.83 0.546 26.066 1.196 25.948 0.525 0.118 RRab
V522 23 26 39.610 +50 41 26.69 0.334 26.090 0.541 25.708 0.481 0.383 RRc
V523 23 26 39.661 +50 41 03.15 0.641 26.128 1.184 25.981 0.028 0.147 RRab
V524 23 26 39.684 +50 40 34.48 0.347 26.125 0.637 25.713 0.429 0.412 RRc
V525 23 26 39.703 +50 42 01.14 0.550 26.039 1.316 25.709 1.081 0.331 RRab
V526 23 26 39.858 +50 43 12.15 0.612 26.362 0.748 25.852 0.988 0.510 RRab
V527 23 26 39.885 +50 43 19.25 0.576 26.182 0.750 25.964 0.810 0.219 RRab
V528 23 26 39.937 +50 43 00.39 0.553 26.116 1.391 25.870 0.862 0.247 RRab
V529 23 26 39.941 +50 41 16.38 0.286 25.979 0.591 25.685 0.443 0.294 RRc
V530 23 26 40.005 +50 43 09.07 0.460 26.143 0.970 25.953 0.730 0.190 RRab
V531 23 26 40.165 +50 41 02.83 0.584 26.212 1.059 25.772 0.454 0.440 RRab
V532 23 26 40.350 +50 40 36.67 0.550 26.093 1.260 25.904 0.189 0.189 RRab
V533 23 26 40.385 +50 40 34.81 0.342 26.042 0.579 25.812 0.341 0.230 RRc
V534 23 26 40.474 +50 40 20.65 0.616 26.023 1.494 25.617 0.984 0.406 RRab
V535 23 26 40.532 +50 40 51.18 0.303 26.073 0.647 25.551 0.607 0.522 RRc
V536 23 26 40.573 +50 42 16.13 0.543 26.005 1.556 25.990 0.518 0.015 RRab
V537 23 26 40.689 +50 41 05.34 0.621 26.117 0.755 25.903 0.176 0.214 RRab
V538 23 26 40.818 +50 40 51.13 0.356 26.075 0.570 25.762 0.632 0.313 RRc
V539 23 26 40.916 +50 40 58.30 0.564 26.147 1.123 25.879 0.863 0.268 RRab
V540 23 26 40.972 +50 42 37.42 0.591 26.256 1.116 26.308 1.046 0.052 RRab
V541 23 26 41.034 +50 40 58.12 0.595 26.047 1.265 26.119 0.719 0.073 RRab
V542 23 26 41.055 +50 41 01.55 0.534 26.157 1.391 25.726 1.233 0.431 RRab
V543 23 26 41.057 +50 40 33.55 0.596 26.251 0.833 25.864 0.014 0.387 RRab
V544 23 26 41.080 +50 41 24.08 0.356 26.066 0.552 25.740 0.507 0.326 RRc
V545 23 26 41.123 +50 41 31.39 0.631 26.065 1.223 25.699 0.985 0.366 RRab
V546 23 26 41.183 +50 42 22.47 0.368 26.096 0.626 25.705 0.559 0.391 RRc
V547 23 26 41.211 +50 40 38.45 0.772 26.153 1.097 25.787 1.015 0.366 RRab
V548 23 26 41.225 +50 42 34.36 0.571 26.297 0.978 26.134 0.265 0.162 RRab
V549 23 26 41.266 +50 40 29.21 0.531 26.253 0.711 25.894 0.775 0.358 RRab
V550 23 26 41.387 +50 41 41.31 0.584 26.245 0.985 25.867 0.976 0.378 RRab
V551 23 26 41.493 +50 42 19.17 0.475 26.017 1.850 26.007 0.857 0.010 RRab
V552 23 26 41.494 +50 40 53.37 0.359 26.063 0.525 25.768 0.711 0.295 RRc
V553 23 26 41.582 +50 41 04.14 0.523 26.085 1.473 26.026 0.380 0.059 RRab
V554 23 26 41.679 +50 40 54.50 0.569 26.179 1.237 25.867 0.557 0.312 RRab
V555 23 26 41.694 +50 41 00.34 0.540 26.101 1.433 25.914 0.500 0.187 RRab
V556 23 26 41.757 +50 41 51.43 0.741 26.188 0.683 25.794 0.315 0.394 RRab
V557 23 26 41.781 +50 41 29.79 0.284 26.062 0.421 25.772 0.492 0.290 RRd
V558 23 26 41.781 +50 41 29.79 9.999 99.999 9.999 99.999 9.999 9.999 Unclassified
V559 23 26 41.977 +50 40 53.09 0.576 26.002 1.537 25.538 0.754 0.464 RRab
V560 23 26 42.070 +50 41 27.91 0.354 26.164 0.528 25.927 0.639 0.237 RRd
V561 23 26 42.070 +50 41 27.91 9.999 99.999 9.999 99.999 9.999 9.999 Unclassified
V562 23 26 42.083 +50 41 01.93 0.580 26.253 0.738 25.797 0.824 0.456 RRab
V563 23 26 42.139 +50 41 57.00 0.516 26.078 1.407 25.761 1.184 0.317 RRab
V564 23 26 42.143 +50 40 39.53 0.635 26.211 0.614 25.766 0.500 0.446 RRab
V565 23 26 42.149 +50 42 05.63 0.568 26.161 0.568 25.814 0.325 0.346 RRab
V566 23 26 42.174 +50 40 51.89 0.274 26.096 0.268 25.703 0.511 0.393 RRc
V567 23 26 42.261 +50 41 37.67 0.530 26.125 1.168 25.761 0.968 0.365 RRab
V568 23 26 42.285 +50 42 05.19 0.273 26.119 0.654 25.749 0.343 0.370 RRc
V569 23 26 42.297 +50 40 48.35 0.561 26.189 1.239 25.812 0.589 0.377 RRab
V570 23 26 42.366 +50 40 52.82 0.284 26.102 0.918 25.834 0.718 0.268 RRc
V571 23 26 42.379 +50 41 51.70 0.557 26.030 1.603 25.723 1.529 0.308 RRab
V572 23 26 42.619 +50 40 57.10 0.511 26.144 1.491 25.747 1.372 0.397 RRab
V573 23 26 42.854 +50 41 37.40 0.645 26.077 0.964 25.775 0.674 0.302 RRab
V574 23 26 42.875 +50 40 34.93 0.830 26.157 0.552 25.883 0.277 0.274 RRab
V575 23 26 43.130 +50 40 43.22 0.536 26.084 1.277 25.895 0.154 0.189 RRab
V576 23 26 43.204 +50 41 35.21 0.572 26.198 1.014 26.004 0.480 0.194 RRab
V577 23 26 43.386 +50 41 12.35 0.586 26.109 1.304 25.726 0.919 0.383 RRab
V578 23 26 43.501 +50 41 21.13 0.373 26.130 0.672 25.845 0.601 0.285 RRc
V579 23 26 43.551 +50 40 36.14 0.288 26.094 0.504 25.683 0.631 0.411 RRc
V580 23 26 43.686 +50 40 43.35 0.507 26.120 1.550 25.849 1.476 0.271 RRab
V581 23 26 43.740 +50 40 54.39 0.568 26.190 0.868 25.806 0.378 0.384 RRab
V582 23 26 44.152 +50 40 46.96 0.550 26.206 1.189 25.757 1.002 0.449 RRab
V583 23 26 44.164 +50 40 40.56 0.628 26.320 0.903 25.715 0.688 0.605 RRab
V584 23 26 44.222 +50 40 50.27 0.540 26.183 1.626 25.808 1.077 0.375 RRab
V585 23 26 44.296 +50 40 41.25 0.318 26.064 0.549 25.874 0.450 0.189 RRc
V586 23 26 44.586 +50 40 51.92 0.563 25.994 1.220 25.856 0.585 0.138 RRab
V587 23 26 44.586 +50 40 51.92 0.332 26.238 0.431 25.947 0.136 0.290 RRc
V588 23 26 44.693 +50 40 50.75 0.478 24.344 0.740 24.017 0.417 0.327 AC
V589 23 26 44.693 +50 40 50.75 9.999 99.999 9.999 99.999 9.999 9.999 Unclassified
V590 23 26 44.769 +50 40 38.27 0.349 26.158 0.603 25.733 0.422 0.425 RRc
