V001 ab   01 04 20.90 02 10 36.8 -  0.592 -0.228 25.272 1.170 24.562 0.555  0.710 25.374 1.280 25.037 0.890 24.545 0.558
V002 c    01 04 20.96 02 10 27.4 -  0.425 -0.372 25.076 0.465 24.459 0.239  0.618 25.163 0.508 24.866 0.381 24.442 0.237
V003 EB   01 04 20.99 02 09 41.6 u  2.900  0.462 24.341 0.168 23.572 0.107  0.769 24.449 0.254 24.073 0.169 23.549 0.146
V004 c    01 04 22.03 02 09 10.7 -  0.314 -0.503 25.051 0.361 24.595 0.167  0.455 25.110 0.390 24.898 0.287 24.583 0.163
V005 ab   01 04 22.10 02 09 13.1 -  0.484 -0.315 25.237 0.978 24.616 0.544  0.621 25.347 1.111 24.995 0.809 24.599 0.541
V006 SO   01 04 22.17 02 10 38.0 -  0.680 -0.167 22.802 0.127 22.235 0.066  0.566 22.880 0.137 22.608 0.107 22.218 0.064
V007 ab   01 04 22.61 02 09 36.1 -  0.668 -0.175 25.271 0.642 24.428 0.315  0.843 25.400 0.669 24.980 0.543 24.413 0.321
V008 FO   01 04 22.81 02 08 15.5 -  1.690  0.228 22.396 0.597 21.660 0.318  0.737 22.505 0.648 22.144 0.501 21.642 0.321
V009 EB   01 04 22.84 02 09 28.1 u  0.750 -0.125 24.787 0.417 24.836 0.488 -0.049 24.790 0.540 24.815 0.520 24.869 0.542
V010 c    01 04 22.88 02 09 41.8 -  0.317 -0.499 25.152 0.654 24.620 0.335  0.532 25.217 0.708 24.971 0.536 24.605 0.326
V011 F    01 04 22.90 02 08 51.9 -  1.487  0.172 22.984 1.432 22.187 0.674  0.797 23.100 1.572 22.719 1.171 22.174 0.683
V012 ab   01 04 23.05 02 08 24.0 -  0.641 -0.193 25.129 1.231 24.404 0.625  0.724 25.245 1.289 24.873 1.095 24.389 0.624
V013 ab   01 04 23.26 02 09 44.7 -  0.651 -0.186 25.053 1.160 24.373 0.629  0.680 25.157 1.243 24.816 0.989 24.358 0.628
V014 EB   01 04 23.30 02 09 54.3 u  1.500  0.176 25.122 0.287 24.867 0.146  0.255 25.162 0.601 25.039 0.277 24.873 0.202
V015 EB   01 04 23.33 02 08 08.1 u  0.965 -0.015 25.196 0.153 25.326 0.049 -0.130 25.204 0.240 25.248 0.218 25.383 0.279
V016 EB   01 04 23.34 02 09 35.0 u  1.310  0.117 24.725 0.212 24.768 0.169 -0.043 24.731 0.353 24.738 0.445 24.801 0.418
V017 EB   01 04 23.64 02 08 59.5 u  0.655 -0.184 24.498 0.135 24.594 0.191 -0.096 24.492 0.176 24.537 0.200 24.638 0.296
V018 EB   01 04 23.82 02 09 01.5 u  0.460 -0.337 26.492 0.380 26.291 0.441  0.201 26.492 0.662 26.413 0.695 26.286 0.670
V019 ab   01 04 23.98 02 08 15.3 -  0.765 -0.116 25.165 0.634 24.313 0.307  0.853 25.296 0.635 24.873 0.525 24.297 0.315
V020 EB   01 04 23.99 02 09 26.4 u  0.950 -0.022 26.359 0.357 25.715 0.360  0.644 26.468 0.507 26.140 0.469 25.683 0.775
V021 ab   01 04 24.10 02 10 13.0 -  0.653 -0.185 25.311 0.462 24.488 0.243  0.824 25.457 0.515 25.004 0.374 24.471 0.250
V022 F    01 04 24.24 02 08 48.3 -  1.480  0.170 23.178 1.163 22.301 0.576  0.877 23.313 1.278 22.882 0.965 22.289 0.587
V023 EB   01 04 24.44 02 08 32.7 u  1.230  0.090 25.552 0.594 25.291 0.792  0.261 25.536 0.904 25.423 0.948 25.227 1.147
V024 ab   01 04 24.48 02 07 35.7 -  0.575 -0.240 25.215 1.063 24.526 0.570  0.688 25.316 1.280 24.970 0.960 24.511 0.569
V025 ab   01 04 24.55 02 10 05.6 -  0.545 -0.264 25.344 1.220 24.617 0.601  0.726 25.446 1.338 25.097 0.993 24.602 0.591
V026 ab   01 04 24.78 02 09 57.8 -  0.560 -0.252 25.332 0.870 24.598 0.487  0.735 25.441 0.950 25.083 0.721 24.582 0.485
V027 c    01 04 24.85 02 09 11.7 -  0.360 -0.444 25.180 0.523 24.584 0.270  0.597 25.280 0.589 24.946 0.406 24.566 0.267
V028 EB   01 04 24.85 02 10 35.1 u  0.540 -0.268 24.942 0.161 24.996 0.120 -0.054 24.944 0.222 24.972 0.187 25.030 0.218
V029 EB   01 04 24.94 02 08 26.8 u  0.580 -0.237 25.984 0.453 25.772 0.249  0.212 26.012 0.600 25.924 0.496 25.776 0.480
V030 F?   01 04 24.94 02 11 04.3 -  0.980 -0.009 23.751 9.999 22.912 9.999  0.839 23.879 0.256 23.466 0.184 22.895 0.162
V031 ab   01 04 24.95 02 10 04.3 -  0.627 -0.203 25.394 0.574 24.561 0.283  0.833 25.531 0.728 25.092 0.434 24.538 0.269
V032 ab   01 04 25.09 02 07 55.0 -  0.613 -0.213 25.249 1.070 24.502 0.571  0.747 25.361 1.174 24.992 0.877 24.491 0.552
V033 F    01 04 25.27 02 09 21.2 -  1.480  0.170 22.924 1.517 22.157 0.733  0.767 23.035 1.664 22.668 1.253 22.144 0.735
V034 ab   01 04 25.27 02 08 01.2 -  0.585 -0.233 25.255 1.320 24.541 0.674  0.714 25.365 1.444 25.008 1.072 24.526 0.667
V035 FO   01 04 25.37 02 09 28.4 -  1.055  0.023 22.807 0.673 22.098 0.344  0.709 22.909 0.728 22.564 0.561 22.081 0.346
V036 ab   01 04 25.37 02 09 27.7 -  0.600 -0.222 25.247 1.230 24.507 0.615  0.740 25.355 1.362 24.996 0.967 24.494 0.611
V037 FO   01 04 25.48 02 09 40.5 -  1.440  0.158 22.685 0.396 21.794 0.190  0.891 22.823 0.440 22.377 0.323 21.779 0.197
V038 ab   01 04 25.51 02 11 02.2 -  0.720 -0.143 25.298 0.104 24.446 0.002  0.852 25.432 0.111 25.000 0.082 24.428 0.020
V039 ab   01 04 25.51 02 09 14.1 -  0.520 -0.284 25.297 1.395 24.619 0.694  0.677 25.390 1.530 25.071 1.132 24.605 0.683
V040 c    01 04 25.62 02 10 22.4 -  0.384 -0.416 25.138 0.607 24.535 0.275  0.602 25.224 0.665 24.931 0.484 24.518 0.275
V041 F    01 04 25.63 02 10 43.1 -  1.240  0.093 23.419 1.009 22.620 0.643  0.799 23.535 1.103 23.142 0.862 22.603 0.656
V042 ab   01 04 25.65 02 09 37.4 -  0.654 -0.184 25.328 0.298 24.476 0.195  0.853 25.462 0.324 25.031 0.230 24.454 0.195
V043 F    01 04 25.67 02 07 45.7 -  1.600  0.204 22.837 1.652 22.120 0.865  0.717 22.943 1.783 22.597 1.382 22.108 0.858
V044 EB   01 04 25.71 02 10 36.2 u  1.500  0.176 25.672 0.303 25.688 0.207 -0.016 25.678 0.764 25.697 0.570 25.716 0.408
V045 dSct 01 04 25.72 02 08 18.7 -  0.116 -0.936 26.099 0.292 25.435 0.176  0.665 26.195 0.324 25.870 0.226 25.423 0.174
V046 dSct 01 04 25.75 02 08 40.7 -  0.092 -1.037 26.565 0.366 25.894 0.298  0.671 26.648 0.387 26.334 0.288 25.883 0.288
V047 EB   01 04 25.82 02 08 07.6 u  0.885 -0.053 25.039 0.605 25.082 0.563 -0.043 25.045 0.415 25.054 0.374 25.115 0.421
V048 c    01 04 25.93 02 07 43.1 -  0.334 -0.476 25.094 0.702 24.592 0.348  0.502 25.162 0.759 24.925 0.569 24.579 0.337
V049 ab   01 04 26.04 02 10 31.4 -  0.636 -0.197 25.382 0.578 24.548 0.277  0.833 25.513 0.645 25.086 0.493 24.532 0.282
V050 ab   01 04 26.21 02 07 40.5 -  0.550 -0.260 25.323 1.283 24.613 0.656  0.711 25.439 1.411 25.068 1.044 24.599 0.647
V051 ab   01 04 26.37 02 11 03.0 -  0.628 -0.202 25.441 0.572 24.562 0.257  0.879 25.579 0.645 25.136 0.462 24.540 0.257
V052 ab   01 04 26.42 02 09 46.4 -  0.580 -0.237 25.317 1.270 24.566 0.639  0.750 25.426 1.381 25.067 1.057 24.552 0.643
V053 EB   01 04 26.46 02 08 38.1 u  0.596 -0.225 25.047 0.200 25.171 0.187 -0.124 25.051 0.292 25.108 0.259 25.204 0.343
V054 FO   01 04 26.52 02 10 56.0 -  0.633 -0.199 23.575 0.629 22.891 0.354  0.684 23.674 0.684 23.344 0.521 22.874 0.351
V055 dSct 01 04 26.60 02 08 37.0 -  0.094 -1.028 26.392 0.275 25.760 0.155  0.632 26.492 0.307 26.172 0.286 25.740 0.209
V056 EB   01 04 26.61 02 09 05.7 u  0.390 -0.409 26.674 0.352 26.439 0.432  0.235 26.676 0.525 26.547 0.722 26.420 0.778
V057 F    01 04 26.65 02 09 40.3 -  1.690  0.228 23.059 1.168 22.151 0.544  0.907 23.202 1.296 22.750 0.951 22.142 0.562
V058 EB   01 04 26.80 02 08 01.5 u  1.090  0.037 20.192 0.088 20.600 0.090 -0.407 20.175 0.095 20.316 0.093 20.693 0.104
V059 EB   01 04 26.81 02 09 35.5 u  0.700 -0.155 25.421 0.392 25.404 0.206  0.017 25.429 0.478 25.423 0.453 25.428 0.397
V060 c    01 04 26.90 02 10 38.6 -  0.292 -0.535 25.238 0.608 24.747 0.302  0.491 25.308 0.624 25.049 0.652 24.733 0.287
V061 F    01 04 26.96 02 09 13.4 -  1.245  0.095 23.421 0.881 22.534 0.476  0.887 23.557 0.977 23.119 0.725 22.522 0.487
V062 EB   01 04 27.03 02 09 26.3 u  0.600 -0.222 26.381 0.510 26.194 0.393  0.187 26.411 1.045 26.334 0.858 26.215 0.726
V063 EB   01 04 27.06 02 08 44.4 u  0.983 -0.007 23.307 0.104 23.509 0.108 -0.202 23.301 0.199 23.380 0.164 23.562 0.149
V064 ab   01 04 27.14 02 10 13.5 -  0.599 -0.223 25.379 0.882 24.564 0.378  0.815 25.510 0.971 25.093 0.670 24.540 0.386
V065 ab   01 04 27.18 02 08 27.3 -  0.708 -0.150 25.213 0.678 24.380 0.380  0.833 25.338 0.741 24.930 0.593 24.364 0.386
V066 EB   01 04 27.29 02 08 20.5 u  0.527 -0.278 24.822 0.166 24.835 0.145 -0.013 24.833 0.276 24.831 0.368 24.861 0.316
V067 d    01 04 27.32 02 11 00.5 u  0.357 -0.447 25.244 0.697 24.626 0.497  0.618 25.341 0.748 25.046 0.604 24.611 0.495
V068 F    01 04 27.46 02 10 43.6 -  1.900  0.279 23.042 0.879 22.124 0.301  0.918 23.196 0.965 22.728 0.632 22.112 0.315
V069 c    01 04 27.50 02 09 12.4 -  0.275 -0.561 25.251 0.339 24.774 0.199  0.477 25.313 0.361 25.095 0.276 24.761 0.201
V070 ab   01 04 27.54 02 08 25.3 -  0.882 -0.055 25.120 0.274 24.237 0.126  0.883 25.259 0.308 24.820 0.203 24.222 0.129
V071 d    01 04 27.55 02 09 48.6 u  0.368 -0.435 25.292 0.818 24.517 0.375  0.775 25.408 0.917 25.027 0.646 24.504 0.374
V072 EB   01 04 27.82 02 08 56.9 u  1.490  0.173 22.530 0.455 22.732 0.428 -0.202 22.522 0.560 22.605 0.523 22.789 0.455
V073 EB   01 04 27.84 02 10 23.2 u  0.303 -0.519 24.667 0.515 24.792 0.480 -0.124 24.660 0.599 24.713 0.566 24.826 0.652
V074 EB   01 04 27.85 02 10 59.0 u  0.484 -0.315 23.824 0.603 23.916 0.545 -0.091 23.853 0.738 23.871 0.617 23.899 0.875
V075 d    01 04 27.90 02 08 17.6 u  0.360 -0.444 25.258 0.835 24.630 0.454  0.628 25.350 0.905 25.043 0.698 24.613 0.447
V076 EB   01 04 27.95 02 09 31.9 u  0.455 -0.342 26.181 0.369 26.108 0.365  0.073 26.197 0.547 26.163 0.509 26.126 0.849
V077 FO   01 04 28.03 02 10 09.0 -  1.350  0.130 22.571 0.594 21.835 0.316  0.736 22.680 0.648 22.318 0.498 21.818 0.321
V078 F    01 04 28.13 02 09 44.9 -  1.400  0.146 23.237 0.833 22.339 0.409  0.898 23.377 0.922 22.932 0.686 22.326 0.423
V079 FO   01 04 28.29 02 10 42.9 -  0.825 -0.084 23.186 0.752 22.498 0.410  0.688 23.285 0.817 22.951 0.629 22.482 0.408
V080 F    01 04 28.29 02 09 11.4 -  1.300  0.114 23.199 1.329 22.394 0.670  0.805 23.323 1.455 22.929 1.088 22.382 0.675
V081 F    01 04 28.34 02 11 09.8 -  1.146  0.059 23.598 1.012 22.670 0.441  0.928 23.740 1.138 23.269 0.729 22.659 0.462
V082 c    01 04 28.36 02 09 04.6 -  0.390 -0.409 25.033 0.516 24.418 0.326  0.615 25.125 0.543 24.818 0.447 24.400 0.322
V083 ab   01 04 28.40 02 11 14.4 -  0.742 -0.130 25.208 0.547 24.335 0.320  0.873 25.344 0.593 24.909 0.467 24.320 0.286
V084 EB   01 04 28.43 02 08 22.3 u  0.380 -0.420 26.642 0.400 26.326 0.351  0.317 26.687 0.631 26.533 0.658 26.309 0.911
V085 ab   01 04 28.44 02 09 00.3 -  0.486 -0.313 25.251 0.938 24.592 0.503  0.658 25.345 1.014 25.029 0.776 24.576 0.499
V086 FO   01 04 28.50 02 10 26.5 -  2.029  0.307 21.839 0.419 21.076 0.211  0.763 21.952 0.459 21.578 0.346 21.058 0.214
V087 ab   01 04 28.55 02 11 29.1 -  0.604 -0.219 25.371 1.025 24.615 0.450  0.757 25.490 1.122 25.114 0.802 24.601 0.447
V088 F    01 04 28.56 02 08 39.3 -  1.178  0.071 23.448 1.094 22.654 0.549  0.794 23.568 1.198 23.177 0.902 22.641 0.555
V089 ab   01 04 28.57 02 08 00.0 -  0.580 -0.237 25.297 0.963 24.553 0.548  0.744 25.420 1.124 25.023 0.864 24.537 0.548
V090 FO?  01 04 28.66 02 11 20.8 -  9.999  1.000 21.692 9.999 20.909 9.999  0.783 21.810 0.165 21.420 0.134 20.890 0.111
V091 SO   01 04 28.81 02 10 54.7 -  0.655 -0.184 22.877 0.140 22.237 0.068  0.640 22.970 0.160 22.656 0.102 22.219 0.068
V092 F    01 04 28.94 02 09 42.9 -  1.300  0.114 23.408 0.722 22.495 0.374  0.913 23.549 0.795 23.092 0.569 22.482 0.387
V093 F    01 04 28.96 02 08 04.4 -  1.750  0.243 22.569 1.254 21.762 0.663  0.807 22.689 1.374 22.298 1.040 21.746 0.676
V094 c    01 04 29.30 02 10 51.1 -  0.345 -0.462 25.223 0.437 24.632 0.263  0.591 25.308 0.469 25.015 0.365 24.615 0.260
V095 ab   01 04 29.36 02 11 29.2 -  0.634 -0.198 25.185 1.073 24.441 0.564  0.745 25.294 1.188 24.931 0.875 24.426 0.563
V096 ab   01 04 29.43 02 10 08.7 -  0.551 -0.259 25.396 0.826 24.640 0.453  0.755 25.506 0.905 25.139 0.674 24.624 0.450
V097 d    01 04 29.46 02 08 49.2 u  0.362 -0.441 25.238 0.821 24.648 0.513  0.590 25.318 0.873 25.025 0.710 24.633 0.507
V098 dSct 01 04 29.48 02 09 02.2 -  0.118 -0.928 26.009 0.404 25.384 0.230  0.625 26.095 0.494 25.795 0.361 25.366 0.230
V099 ab   01 04 29.50 02 08 30.1 -  0.690 -0.161 25.326 0.384 24.457 0.152  0.870 25.363 0.576 25.000 0.283 24.441 0.157
V100 ab   01 04 29.51 02 08 34.4 -  0.653 -0.185 25.139 1.211 24.407 0.590  0.732 25.245 1.335 24.884 0.989 24.390 0.589
V101 ab   01 04 29.69 02 09 51.6 -  0.654 -0.184 25.113 0.391 24.337 0.192  0.777 25.228 0.433 24.849 0.341 24.319 0.180
V102 ab   01 04 29.77 02 08 34.2 -  0.564 -0.249 25.297 1.113 24.571 0.520  0.726 25.398 1.234 25.052 0.913 24.556 0.523
V103 c    01 04 29.82 02 09 44.8 -  0.351 -0.455 25.348 0.493 24.707 0.299  0.642 25.451 0.529 25.114 0.453 24.690 0.298
V104 F    01 04 29.89 02 10 36.0 -  1.410  0.149 23.082 1.521 22.283 0.750  0.799 23.201 1.664 22.812 1.260 22.268 0.757
V105 ab   01 04 29.93 02 10 19.6 -  0.472 -0.326 25.253 1.625 24.661 0.795  0.592 25.330 1.802 25.059 1.328 24.652 0.771
V106 F    01 04 30.06 02 08 08.9 -  2.131  0.329 22.295 1.536 21.572 0.791  0.723 22.399 1.671 22.057 1.261 21.560 0.785
V107 EB   01 04 30.21 02 08 45.0 u  0.690 -0.161 23.552 0.488 23.810 0.488 -0.258 23.529 0.625 23.619 0.604 23.854 0.613
V108 ab   01 04 30.35 02 08 43.6 -  0.521 -0.283 25.147 1.191 24.525 0.747  0.622 25.253 1.167 24.926 1.010 24.510 0.738
V109 c    01 04 30.42 02 11 31.4 -  0.308 -0.511 25.260 0.682 24.695 0.329  0.565 25.342 0.744 25.067 0.546 24.680 0.320
V110 EB   01 04 30.43 02 08 48.7 u  0.460 -0.337 26.295 0.306 26.114 0.335  0.180 26.318 0.366 26.245 0.565 26.101 1.063
V111 c    01 04 30.44 02 10 00.1 -  0.362 -0.441 25.237 0.511 24.614 0.235  0.623 25.325 0.558 25.026 0.418 24.597 0.234
V112 ab   01 04 30.48 02 10 54.0 -  0.485 -0.314 25.256 1.518 24.621 0.765  0.636 25.345 1.648 25.053 1.161 24.607 0.757
V113 c    01 04 30.54 02 11 12.6 -  0.349 -0.457 25.161 0.603 24.598 0.370  0.563 25.242 0.655 24.968 0.490 24.581 0.365
V114 EB   01 04 30.60 02 09 30.5 u  0.470 -0.328 26.398 0.248 26.130 0.431  0.269 26.422 0.452 26.272 0.586 26.107 0.677
V115 ab   01 04 30.84 02 10 50.1 -  0.702 -0.154 25.075 0.770 24.286 0.351  0.789 25.193 0.850 24.804 0.626 24.273 0.375
V116 ab   01 04 31.03 02 10 42.4 -  0.634 -0.198 25.313 0.509 24.489 0.270  0.824 25.441 0.548 25.027 0.433 24.473 0.277
V117 ab   01 04 31.11 02 10 25.9 -  0.482 -0.317 25.240 1.122 24.613 0.511  0.627 25.329 1.222 25.031 0.905 24.599 0.499
V118 F    01 04 31.20 02 10 34.7 -  1.551  0.191 23.186 0.997 22.294 0.538  0.892 23.324 1.095 22.886 0.833 22.283 0.551
V119 ab   01 04 31.28 02 09 10.4 -  0.602 -0.220 25.228 0.891 24.462 0.428  0.767 25.342 0.988 24.963 0.723 24.448 0.430
V120 ab   01 04 31.33 02 10 02.2 -  0.619 -0.208 25.333 0.566 24.514 0.286  0.819 25.457 0.625 25.055 0.481 24.500 0.266
V121 ab   01 04 31.35 02 08 08.1 -  0.603 -0.220 25.117 1.371 24.470 0.693  0.647 25.209 1.484 24.891 1.162 24.454 0.690
V122 ab   01 04 31.54 02 08 29.5 -  0.583 -0.234 25.020 1.114 24.404 0.623  0.616 25.104 1.202 24.814 0.922 24.391 0.613
V123 ab   01 04 31.59 02 10 06.4 -  0.639 -0.194 25.445 1.017 24.536 0.559  0.909 25.584 1.126 25.135 0.894 24.525 0.577
V124 F    01 04 31.66 02 10 08.3   25.862  1.413 19.475 9.999 18.245 9.999  1.230 19.689 0.342 19.066 0.206 18.250 0.200
V125 FO   01 04 31.69 02 09 49.7 -  1.100  0.041 23.026 0.504 22.181 0.212  0.844 23.153 0.559 22.739 0.415 22.165 0.215
V126 Cep  01 04 31.82 02 09 32.6 -  1.700  0.230 21.950 0.229 21.726 0.193  0.224 21.979 0.246 21.882 0.230 21.726 0.188
V127 F    01 04 31.85 02 11 21.0 -  1.626  0.211 23.229 0.692 22.262 0.358  0.968 23.390 0.765 22.891 0.582 22.252 0.373
V128 F    01 04 31.87 02 10 33.5 -  1.540  0.188 23.066 1.250 22.213 0.597  0.854 23.198 1.368 22.774 1.050 22.200 0.613
V129 ab   01 04 31.90 02 09 36.9 -  0.628 -0.202 25.333 0.563 24.511 0.352  0.822 25.457 0.622 25.049 0.516 24.494 0.351
V130 c    01 04 31.97 02 10 29.8 -  0.314 -0.503 25.177 0.630 24.635 0.370  0.542 25.233 0.785 24.989 0.538 24.619 0.365
V131 EB   01 04 32.02 02 11 05.8 u  1.890  0.276 21.131 0.531 21.437 0.524 -0.305 21.199 0.609 21.308 0.607 21.606 0.604
V132 c    01 04 32.03 02 09 28.5 -  0.330 -0.481 25.293 0.602 24.679 0.382  0.615 25.386 0.643 25.074 0.525 24.656 0.384
V133 EB   01 04 32.18 02 08 22.2 u  1.050  0.021 23.944 0.102 24.082 0.116 -0.138 23.940 0.150 23.992 0.160 24.126 0.184
V134 c    01 04 32.20 02 09 10.1 -  0.315 -0.502 25.081 0.451 24.599 0.190  0.482 25.146 0.494 24.920 0.354 24.585 0.182
V135 ab   01 04 32.28 02 08 42.8 -  0.607 -0.217 25.308 0.761 24.502 0.454  0.806 25.429 0.838 25.035 0.682 24.488 0.456
V136 c    01 04 32.35 02 09 24.5 -  0.351 -0.455 25.276 0.490 24.663 0.280  0.613 25.361 0.527 25.068 0.411 24.646 0.276
V137 F    01 04 32.37 02 09 18.4 -  3.000  0.477 22.221 1.532 21.307 0.787  0.914 22.363 1.493 21.906 1.123 21.296 0.702
V138 c    01 04 32.38 02 11 04.6 -  0.356 -0.449 25.216 0.512 24.598 0.235  0.618 25.307 0.572 25.001 0.396 24.582 0.233
V139 EB   01 04 32.47 02 11 08.9 u  0.431 -0.366 22.603 0.074 22.537 0.036  0.066 22.616 0.078 22.588 0.075 22.552 0.083
V140 EB   01 04 32.47 02 09 47.7 u  0.860 -0.066 20.790 0.187 21.160 0.172 -0.369 20.766 0.198 20.897 0.198 21.242 0.199
V141 FO   01 04 32.61 02 09 55.3 -  0.668 -0.175 23.690 0.384 22.865 0.198  0.825 23.813 0.419 23.408 0.327 22.848 0.200
V142 FO   01 04 32.71 02 10 59.5 -  0.725 -0.140 23.151 0.807 22.524 0.436  0.626 23.238 0.876 22.935 0.677 22.504 0.425
V143 ab   01 04 32.75 02 11 22.0 -  0.589 -0.230 25.329 0.873 24.545 0.455  0.784 25.447 0.969 25.054 0.754 24.528 0.459
V144 EB   01 04 32.80 02 09 21.0 u  0.470 -0.328 25.901 0.226 25.790 0.235  0.110 25.905 0.532 25.840 0.642 25.788 0.653
V145 ab   01 04 32.83 02 11 08.2 -  0.746 -0.127 25.104 0.746 24.258 0.366  0.846 25.237 0.791 24.815 0.566 24.243 0.374
V146 ab   01 04 32.84 02 10 12.6 -  0.617 -0.210 25.314 0.795 24.501 0.400  0.813 25.440 0.869 25.027 0.685 24.490 0.418
V147 FO   01 04 32.90 02 09 58.6 -  1.972  0.295 22.066 0.564 21.244 0.284  0.822 22.188 0.619 21.783 0.467 21.227 0.289
V148 FO   01 04 33.01 02 08 29.9 -  0.890 -0.051 22.953 0.906 22.336 0.413  0.617 23.171 0.929 22.734 0.756 22.320 0.412
V149 FO   01 04 33.21 02 09 21.7 -  1.020  0.009 22.846 0.702 22.142 0.369  0.704 23.011 0.944 22.657 0.720 22.125 0.368
V150 FO   01 04 33.40 02 10 34.4 -  1.020  0.009 22.979 0.620 22.220 0.316  0.759 23.091 0.678 22.718 0.515 22.203 0.319
V151 F    01 04 33.44 02 09 14.4 -  2.600  0.415 22.551 0.527 21.508 0.267  1.043 22.729 0.498 22.185 0.401 21.503 0.348
V152 ab   01 04 33.62 02 09 03.5 -  0.548 -0.261 25.242 1.241 24.561 0.627  0.681 25.337 1.353 25.010 1.029 24.545 0.627
V153 ab   01 04 33.65 02 10 52.4 -  0.497 -0.304 25.283 1.417 24.646 0.730  0.637 25.373 1.545 25.074 1.142 24.641 0.708
V154 F    01 04 33.70 02 09 20.5 -  2.712  0.433 22.170 1.549 21.303 0.777  0.867 22.296 1.699 21.875 1.289 21.291 0.793
V155 EB   01 04 33.70 02 08 29.0 u  0.830 -0.081 26.275 0.383 25.768 0.327  0.507 26.345 0.502 26.068 0.547 25.751 0.802
V156 c    01 04 33.71 02 09 36.6 -  0.272 -0.565 25.182 0.335 24.752 0.176  0.430 25.239 0.359 25.036 0.279 24.741 0.193
V157 F    01 04 33.82 02 09 11.9 -  1.600  0.204 22.885 1.569 22.099 0.795  0.786 23.001 1.718 22.624 1.285 22.087 0.803
V158 EB   01 04 33.84 02 10 28.1 u  0.730 -0.137 25.517 0.176 25.514 0.155  0.003 25.523 0.262 25.509 0.501 25.538 0.542
V159 dSct 01 04 33.88 02 08 42.5 -  0.085 -1.071 26.580 0.384 25.939 0.184  0.640 26.674 0.431 26.367 0.307 25.919 0.180
V160 F    01 04 33.90 02 10 41.2 -  1.400  0.146 23.089 0.612 22.270 0.339  0.819 23.213 0.671 22.808 0.509 22.253 0.345
V161 c    01 04 33.90 02 09 51.9 -  0.321 -0.493 25.129 0.568 24.606 0.274  0.523 25.198 0.621 24.954 0.455 24.590 0.290
V162 ab   01 04 33.96 02 09 25.5 -  0.601 -0.221 25.284 0.878 24.501 0.503  0.783 25.402 0.980 25.011 0.712 24.485 0.502
V163 EB   01 04 34.00 02 08 29.4 u  0.480 -0.319 21.392 0.052 21.238 0.034  0.154 21.413 0.079 21.347 0.063 21.244 0.088
V164 c    01 04 34.06 02 09 24.2 -  0.324 -0.489 25.097 0.616 24.520 0.322  0.577 25.179 0.673 24.900 0.496 24.503 0.319
V165 FO   01 04 34.09 02 08 25.1 -  1.000  0.000 22.921 0.539 22.170 0.417  0.751 23.027 0.584 22.669 0.463 22.150 0.425
V166 ab   01 04 34.38 02 10 01.4 -  0.606 -0.218 25.125 1.341 24.443 0.690  0.682 25.221 1.467 24.894 1.106 24.427 0.684
V167 ab   01 04 34.43 02 08 56.9 -  0.487 -0.312 25.296 1.263 24.669 0.585  0.627 25.385 1.495 25.086 1.028 24.657 0.567
V168 EB   01 04 34.48 02 09 23.3 u  0.430 -0.367 26.402 0.439 26.342 0.327  0.060 26.420 0.840 26.379 0.743 26.364 1.068
V169 ab   01 04 34.50 02 08 56.4 -  0.730 -0.137 25.082 0.821 24.292 0.407  0.791 25.206 0.752 24.817 0.648 24.277 0.412
V170 F    01 04 34.54 02 09 24.0 -  1.329  0.124 22.814 1.137 22.185 0.660  0.629 22.903 1.214 22.603 0.967 22.170 0.649
V171 ab   01 04 34.59 02 10 01.3 -  0.623 -0.206 25.080 1.202 24.369 0.649  0.711 25.183 1.304 24.840 0.991 24.354 0.646
V172 F    01 04 34.64 02 09 10.1 -  3.074  0.488 21.850 1.221 21.045 0.690  0.805 21.961 1.328 21.589 1.188 21.029 0.693
V173 FO   01 04 34.65 02 09 23.9 -  0.790 -0.102 23.058 0.853 22.438 0.459  0.620 23.144 0.926 22.848 0.705 22.422 0.445
V174 c    01 04 34.71 02 09 00.4 -  0.283 -0.548 25.186 0.599 24.648 0.295  0.538 25.255 0.652 25.002 0.528 24.636 0.366
V175 ab   01 04 34.83 02 09 23.8 -  0.689 -0.162 25.265 0.563 24.415 0.359  0.850 25.397 0.612 24.973 0.482 24.400 0.364
V176 ab   01 04 35.03 02 09 08.5 -  0.522 -0.282 25.217 1.539 24.565 0.747  0.653 25.315 1.660 24.991 1.298 24.553 0.727
V177 F    01 04 35.13 02 08 35.3 -  1.300  0.114 23.539 0.704 22.605 0.388  0.935 23.686 0.783 23.220 0.583 22.594 0.405
V178 EB   01 04 35.15 02 09 05.2 u  0.890 -0.051 24.051 0.129 24.097 0.131 -0.045 24.047 0.177 24.066 0.267 24.117 0.277
V179 ab   01 04 35.18 02 09 15.1 -  0.501 -0.300 25.284 1.498 24.627 0.793  0.656 25.372 1.628 25.075 1.239 24.612 0.791
V180 d    01 04 35.28 02 08 52.0 u  0.354 -0.451 25.272 0.578 24.640 0.364  0.632 25.364 0.622 25.056 0.501 24.621 0.361
V181 c    01 04 35.90 02 08 46.0 -  0.352 -0.453 25.268 0.488 24.648 0.276  0.620 25.362 0.534 25.046 0.398 24.633 0.283
V182 ab   01 04 36.09 02 08 41.8 -  0.731 -0.136 25.162 0.833 24.307 0.476  0.855 25.302 0.969 24.860 0.719 24.292 0.485
