V00409 	0 46 16.47 	+33 46 59.86 	 	25.2500 	0.7032 	0.6347 	0.8044 	ab
V00414 	0 46 16.13 	+33 47 19.47 	 	25.1660 	0.5168 	0.4655 	0.4905 	c
V00424 	0 46 15.75 	+33 47 03.66 	 	25.3583 	0.7256 	0.5610 	0.7979 	ab
V00425 	0 46 15.94 	+33 47 16.75 	 	25.2951 	0.5369 	0.5313 	0.9079 	ab
V00447 	0 46 17.30 	+33 47 09.12 	 	25.2636 	0.5615 	0.4290 	0.6292 	c
V02120 	0 46 14.97 	+33 47 06.55 	 	25.1377 	0.7162 	0.7230 	0.6420 	ab
V02157 	0 46 15.81 	+33 46 50.74 	 	25.2600 	0.6107 	0.8000 	0.5667 	ab
V02172 	0 46 15.16 	+33 47 12.95 	 	25.2149 	0.6010 	0.3852 	0.3750 	c
V02193 	0 46 16.75 	+33 46 55.58 	 	25.3169 	0.6885 	0.5539 	0.7725 	ab
V02195 	0 46 15.63 	+33 46 57.88 	 	25.2808 	0.6357 	0.5080 	0.4515 	alias
V02200 	0 46 16.72 	+33 46 54.48 	 	25.3353 	0.6331 	0.5764 	0.7936 	ab
V02204 	0 46 16.48 	+33 47 21.37 	 	25.3839 	0.7341 	0.6327 	0.5899 	ab
V02219 	0 46 16.87 	+33 47 09.78 	 	25.3640 	0.5801 	0.4275 	0.6388 	c
V02221 	0 46 16.86 	+33 47 08.53 	 	25.3588 	0.6054 	0.3793 	0.5809 	alias
V02224 	0 46 17.24 	+33 47 13.06 	 	25.3926 	0.6089 	0.5757 	0.9582 	ab
V02237 	0 46 17.56 	+33 46 54.70 	 	25.4184 	0.7088 	0.6257 	0.7728 	ab
V04338 	0 46 17.04 	+33 46 49.26 	 	25.3653 	0.6123 	0.4070 	0.5766 	c
