 V001   d 22 41 30.84 -64 24 47.8 u 0.370 -0.432  25.651 0.958  24.972 0.523  0.679  25.749 1.058  25.429 0.757  24.955 0.513
 V002   c 22 41 31.70 -64 25 01.7 - 0.341 -0.467  25.599 0.650  24.992 0.321  0.607  25.689 0.717  25.389 0.523  24.976 0.318
 V003  ab 22 41 32.00 -64 24 57.2 - 0.627 -0.203  25.495 1.089  24.769 0.469  0.727  25.620 1.132  25.222 1.001  24.751 0.472
 V004   c 22 41 33.05 -64 25 31.9 - 0.372 -0.429  25.556 0.528  24.888 0.308  0.667  25.653 0.559  25.325 0.462  24.870 0.325
 V005  ab 22 41 33.74 -64 25 04.2 - 0.543 -0.265  25.613 1.359  24.939 0.684  0.674  25.725 1.464  25.364 1.152  24.923 0.684
 V006   c 22 41 34.23 -64 24 51.3 - 0.345 -0.462  25.556 0.597  24.954 0.338  0.602  25.643 0.668  25.343 0.473  24.932 0.363
 V007  ab 22 41 34.65 -64 25 11.0 - 0.681 -0.167  25.552 0.389  24.711 0.254  0.840  25.696 0.470  25.241 0.322  24.691 0.271
 V008   c 22 41 34.65 -64 24 54.1 - 0.380 -0.420  25.481 0.587  24.837 0.293  0.644  25.568 0.627  25.257 0.475  24.819 0.297
 V009 LPV 22 41 35.46 -64 24 40.8 u ---   ---     23.260 ---    20.920 ---    2.340  23.840 ---    22.585 ---    21.132 ---
 V010  AC 22 41 35.67 -64 25 38.1 - 0.484 -0.315  24.411 0.943  23.855 0.480  0.556  24.492 1.002  24.230 0.772  23.841 0.470
 V011  ab 22 41 35.76 -64 25 16.2 - 0.594 -0.226  25.693 0.803  24.885 0.514  0.808  25.814 0.860  25.414 0.687  24.870 0.517
 V012   d 22 41 36.10 -64 25 37.4 u 0.373 -0.429  25.468 0.602  24.869 0.399  0.599  25.557 0.667  25.254 0.502  24.854 0.399
 V013 LPV 22 41 36.35 -64 24 58.8 u ---   ---     23.094 ---    20.709 ---    2.385  23.692 ---    22.414 ---    20.934 ---
 V014  ab 22 41 36.35 -64 25 00.1 - 0.567 -0.246  25.494 1.245  24.795 0.815  0.700  25.593 1.364  25.263 1.010  24.781 0.816
 V015   d 22 41 36.39 -64 25 04.4 u 0.386 -0.413  25.507 0.810  24.880 0.469  0.627  25.607 0.968  25.276 0.687  24.865 0.506
 V016   c 22 41 36.54 -64 24 10.7 - 0.360 -0.444  25.498 0.704  24.893 0.385  0.604  25.585 0.761  25.287 0.593  24.875 0.380
 V017  ab 22 41 36.85 -64 25 06.7 - 0.562 -0.250  25.520 1.265  24.841 0.618  0.679  25.618 1.374  25.297 1.030  24.826 0.608
 V018   d 22 41 36.87 -64 25 07.5 u 0.412 -0.386  25.482 0.661  24.785 0.416  0.697  25.580 0.730  25.245 0.528  24.770 0.416
 V019   d 22 41 37.07 -64 24 51.3 u 0.387 -0.412  25.503 0.889  24.855 0.574  0.648  25.599 0.988  25.280 0.748  24.841 0.571
 V020  ab 22 41 37.28 -64 25 30.4 - 0.543 -0.265  25.567 1.374  24.889 0.694  0.678  25.661 1.393  25.336 1.139  24.877 0.685
 V021   c 22 41 37.46 -64 25 30.6 - 0.373 -0.428  25.507 0.556  24.879 0.235  0.628  25.595 0.617  25.295 0.435  24.865 0.228
 V022   d 22 41 37.55 -64 26 02.0 u 0.392 -0.406  25.556 0.739  24.848 0.441  0.708  25.661 0.806  25.315 0.603  24.831 0.585
 V023   c 22 41 37.71 -64 24 12.1 - 0.322 -0.492  25.434 0.341  24.900 0.199  0.535  25.501 0.393  25.251 0.275  24.883 0.193
 V024  ab 22 41 37.73 -64 24 47.1 - 0.653 -0.185  25.498 1.075  24.775 0.568  0.722  25.601 1.178  25.251 0.933  24.759 0.566
 V025  ab 22 41 37.98 -64 25 14.1 - 0.627 -0.203  25.722 0.253  24.893 0.118  0.830  25.852 0.269  25.437 0.201  24.881 0.128
 V026  ab 22 41 38.02 -64 25 14.4 - 0.588 -0.231  25.609 1.361  24.853 0.718  0.757  25.728 1.499  25.355 1.103  24.839 0.706
 V027   c 22 41 38.12 -64 24 57.1 - 0.393 -0.406  25.484 0.352  24.869 0.264  0.615  25.573 0.367  25.271 0.325  24.851 0.264
 V028  ab 22 41 38.15 -64 24 00.1 - 0.559 -0.253  25.554 1.323  24.858 0.709  0.696  25.668 1.386  25.319 1.132  24.844 0.698
 V029  ab 22 41 38.54 -64 25 29.3 - 0.593 -0.227  25.594 1.128  24.850 0.605  0.744  25.662 1.467  25.349 0.952  24.838 0.590
 V030  ab 22 41 39.04 -64 24 56.8 - 0.576 -0.240  25.665 1.148  24.890 0.544  0.775  25.783 1.171  25.398 0.918  24.875 0.550
 V031  ab 22 41 39.16 -64 24 30.3 - 0.586 -0.232  25.486 1.263  24.823 0.590  0.663  25.577 1.391  25.262 0.972  24.810 0.581
 V032   c 22 41 39.27 -64 24 40.3 - 0.359 -0.445  25.547 0.585  24.968 0.293  0.579  25.620 0.650  25.343 0.471  24.953 0.286
 V033  ab 22 41 39.33 -64 25 11.6 - 0.748 -0.126  25.562 0.640  24.669 0.314  0.893  25.702 0.704  25.256 0.527  24.649 0.306
 V034   c 22 41 39.35 -64 25 24.0 - 0.336 -0.474  25.419 0.335  24.899 0.164  0.520  25.491 0.366  25.244 0.261  24.885 0.159
 V035  ab 22 41 39.39 -64 24 48.0 - 0.568 -0.246  25.636 1.158  24.900 0.573  0.736  25.740 1.274  25.390 0.942  24.898 0.543
 V036  ab 22 41 39.42 -64 25 18.6 - 0.656 -0.183  25.685 0.411  24.811 0.166  0.873  25.819 0.468  25.379 0.313  24.796 0.171
 V037  ab 22 41 39.50 -64 25 52.7 - 0.637 -0.196  25.639 0.762  24.797 0.451  0.843  25.771 0.814  25.350 0.676  24.781 0.456
 V038  ab 22 41 39.74 -64 25 03.4 - 0.569 -0.245  25.645 0.778  24.871 0.419  0.773  25.760 0.852  25.381 0.638  24.861 0.420
 V039   c 22 41 39.81 -64 24 59.9 - 0.315 -0.502  25.491 0.433  25.024 0.179  0.467  25.554 0.478  25.336 0.327  25.011 0.165
 V040  ab 22 41 39.82 -64 24 11.9 - 0.584 -0.234  25.674 0.941  24.932 0.603  0.742  25.783 1.013  25.422 0.806  24.913 0.602
 V041  ab 22 41 39.86 -64 25 19.5 - 0.623 -0.206  25.369 1.487  24.671 0.590  0.698  25.467 1.637  25.140 1.201  24.662 0.594
 V042  ab 22 41 39.93 -64 25 07.1 - 0.626 -0.203  25.576 1.201  24.802 0.487  0.774  25.685 1.328  25.316 0.882  24.788 0.488
 V043  ab 22 41 39.94 -64 25 26.7 - 0.584 -0.234  25.666 1.214  24.858 0.561  0.809  25.785 1.336  25.389 1.001  24.842 0.587
 V044   d 22 41 40.07 -64 24 25.4 u 0.392 -0.406  25.546 0.748  24.862 0.423  0.684  25.649 0.977  25.307 0.625  24.845 0.421
 V045  ab 22 41 40.08 -64 25 53.5 - 0.674 -0.171  25.497 1.039  24.711 0.506  0.786  25.653 0.920  25.242 0.710  24.699 0.529
 V046  ab 22 41 40.22 -64 25 04.1 - 0.622 -0.206  25.691 0.876  24.909 0.443  0.781  25.807 0.984  25.420 0.701  24.894 0.445
 V047  ab 22 41 40.23 -64 25 59.6 - 0.640 -0.194  25.486 1.102  24.773 0.614  0.712  25.591 1.204  25.242 0.904  24.756 0.617
 V048  ab 22 41 40.34 -64 24 22.1 - 0.554 -0.256  25.545 1.384  24.865 0.712  0.681  25.640 1.524  25.318 1.069  24.856 0.670
 V049  ab 22 41 40.34 -64 26 19.6 - 0.599 -0.223  25.502 1.083  24.766 0.556  0.735  25.609 1.199  25.254 0.875  24.750 0.564
 V050  ab 22 41 40.36 -64 25 26.1 - 0.528 -0.277  25.622 1.338  24.927 0.719  0.695  25.725 1.447  25.391 1.102  24.912 0.709
 V051  ab 22 41 40.43 -64 25 19.6 - 0.628 -0.202  25.595 0.949  24.777 0.383  0.817  25.734 1.195  25.305 0.690  24.774 0.426
 V052   d 22 41 40.51 -64 24 45.3 u 0.394 -0.404  25.541 0.753  24.895 0.334  0.646  25.650 0.821  25.299 0.682  24.879 0.463
 V053   c 22 41 40.53 -64 26 00.9 - 0.436 -0.361  25.416 0.503  24.771 0.262  0.645  25.505 0.549  25.199 0.413  24.754 0.262
 V054 LPV 22 41 40.64 -64 25 22.5 u ---   ---     23.228 ---    21.183 ---    2.045  23.696 ---    22.607 ---    21.323 ---
 V055   d 22 41 40.79 -64 25 21.8 u 0.385 -0.414  25.585 0.996  24.886 0.502  0.699  25.692 1.097  25.340 0.798  24.871 0.495
 V056   c 22 41 40.84 -64 25 19.2 - 0.290 -0.538  25.504 0.132  25.055 0.080  0.450  25.564 0.141  25.353 0.107  25.050 0.086
 V057  ab 22 41 41.14 -64 25 56.0 - 0.570 -0.244  25.547 1.141  24.850 0.639  0.696  25.655 1.136  25.312 0.942  24.837 0.635
 V058  ab 22 41 41.31 -64 24 40.9 - 0.567 -0.246  25.644 1.190  24.919 0.507  0.726  25.787 1.095  25.407 0.845  24.897 0.508
 V059  ab 22 41 41.31 -64 23 52.9 - 0.691 -0.161  25.583 1.003  24.777 0.504  0.806  25.720 0.930  25.313 0.820  24.763 0.503
 V060   d 22 41 41.45 -64 25 36.3 u 0.390 -0.409  25.546 0.777  24.858 0.421  0.688  25.650 0.860  25.310 0.611  24.843 0.423
 V061  ab 22 41 41.48 -64 24 42.5 - 0.570 -0.244  25.430 1.499  24.826 0.898  0.605  25.518 1.611  25.227 1.239  24.815 0.887
 V062   d 22 41 41.57 -64 25 45.7 u 0.402 -0.396  25.516 0.737  24.846 0.460  0.670  25.617 0.802  25.278 0.613  24.830 0.458
 V063  ab 22 41 41.62 -64 25 26.6 - 0.616 -0.210  25.564 1.148  24.799 0.627  0.765  25.677 1.246  25.304 0.975  24.779 0.632
 V064   c 22 41 41.65 -64 24 33.6 - 0.334 -0.476  25.500 0.692  24.980 0.375  0.520  25.570 0.744  25.331 0.582  24.974 0.374
 V065   c 22 41 41.79 -64 25 12.8 - 0.336 -0.474  25.466 0.483  24.987 0.280  0.479  25.533 0.538  25.296 0.396  24.975 0.269
 V066   d 22 41 41.85 -64 25 16.1 u 0.391 -0.407  25.535 0.863  24.906 0.519  0.629  25.632 0.955  25.313 0.711  24.893 0.526
 V067   c 22 41 41.96 -64 25 42.5 - 0.281 -0.551  25.490 0.213  25.015 0.105  0.476  25.556 0.225  25.328 0.190  25.002 0.105
 V068  ab 22 41 42.22 -64 24 59.7 - 0.516 -0.287  25.611 1.498  24.929 0.714  0.682  25.708 1.636  25.384 1.226  24.918 0.688
 V069  ab 22 41 42.66 -64 25 31.3 - 0.623 -0.206  25.624 0.496  24.820 0.213  0.805  25.745 0.555  25.349 0.399  24.803 0.220
 V070   d 22 41 42.76 -64 24 57.6 u 0.412 -0.385  25.541 0.693  24.829 0.463  0.712  25.650 0.828  25.289 0.766  24.815 0.466
 V071  ab 22 41 43.00 -64 25 18.2 - 0.630 -0.201  25.607 1.075  24.805 0.476  0.802  25.724 1.217  25.320 0.851  24.792 0.480
 V072  ab 22 41 43.02 -64 24 34.6 - 0.803 -0.095  25.490 0.638  24.650 0.299  0.840  25.617 0.720  25.191 0.488  24.638 0.313
 V073   d 22 41 43.17 -64 24 21.1 u 0.398 -0.400  25.552 0.637  24.842 0.561  0.710  25.652 1.037  25.321 0.796  24.827 0.553
 V074  ab 22 41 43.17 -64 24 42.4 - 0.541 -0.267  25.603 1.480  24.935 0.757  0.668  25.693 1.621  25.378 1.211  24.939 0.787
 V075  ab 22 41 43.18 -64 25 42.5 - 0.613 -0.213  25.635 0.918  24.838 0.455  0.797  25.755 1.012  25.365 0.748  24.822 0.463
 V076   c 22 41 43.22 -64 24 44.1 - 0.361 -0.442  25.662 0.508  25.038 0.260  0.624  25.749 0.553  25.452 0.424  25.025 0.277
 V077   d 22 41 43.31 -64 24 46.7 u 0.412 -0.386  25.541 0.725  24.835 0.372  0.706  25.648 0.807  25.291 0.599  24.819 0.614
 V078  ab 22 41 43.38 -64 25 02.4 - 0.623 -0.206  25.760 0.726  24.896 0.384  0.864  25.894 0.803  25.462 0.599  24.881 0.394
 V079  ab 22 41 43.47 -64 25 34.8 - 0.580 -0.237  25.689 1.146  24.935 0.540  0.754  25.802 1.259  25.428 0.912  24.921 0.538
 V080  ab 22 41 43.52 -64 25 02.4 - 0.517 -0.287  25.679 1.604  25.015 0.734  0.664  25.768 1.699  25.452 1.347  25.014 0.682
 V081  ab 22 41 43.54 -64 25 01.6 - 0.554 -0.256  25.694 0.968  24.945 0.521  0.749  25.818 1.079  25.426 0.771  24.932 0.511
 V082   d 22 41 43.63 -64 25 05.7 u 0.372 -0.430  25.550 0.595  24.780 0.385  0.770  25.684 0.671  25.269 0.643  24.770 0.386
 V083  ab 22 41 43.76 -64 23 58.9 - 0.725 -0.140  25.469 0.608  24.637 0.336  0.832  25.595 0.663  25.180 0.546  24.620 0.346
 V084  ab 22 41 43.84 -64 25 04.3 - 0.743 -0.129  25.581 0.700  24.729 0.437  0.853  25.713 0.752  25.288 0.603  24.712 0.445
 V085  ab 22 41 44.02 -64 25 12.1 - 0.604 -0.219  25.724 0.817  24.908 0.437  0.816  25.854 0.873  25.426 0.662  24.891 0.416
 V086   c 22 41 44.19 -64 24 49.8 - 0.354 -0.451  25.612 0.599  24.986 0.273  0.626  25.708 0.647  25.384 0.504  24.969 0.271
 V087   d 22 41 44.25 -64 26 18.8 u 0.359 -0.445  25.587 0.631  24.994 0.501  0.593  25.673 0.896  25.368 0.672  24.979 0.501
 V088  ab 22 41 44.26 -64 25 04.9 - 0.627 -0.203  25.574 1.216  24.799 0.627  0.774  25.684 1.334  25.314 1.011  24.785 0.629
 V089  AC 22 41 44.27 -64 25 08.9 - 0.877 -0.057  23.677 0.780  23.118 0.424  0.558  23.752 0.831  23.485 0.641  23.102 0.416
 V090   c 22 41 44.42 -64 25 24.5 - 0.376 -0.425  25.453 0.714  24.819 0.396  0.634  25.551 0.806  25.238 0.593  24.802 0.397
 V091   c 22 41 44.44 -64 24 20.3 - 0.368 -0.434  25.581 0.539  24.923 0.280  0.658  25.673 0.574  25.358 0.468  24.907 0.293
 V092  ab 22 41 44.46 -64 25 06.0 - 0.696 -0.157  25.604 0.979  24.772 0.424  0.831  25.727 1.094  25.315 0.771  24.758 0.434
 V093  ab 22 41 44.46 -64 25 01.3 - 0.670 -0.174  25.588 0.790  24.739 0.429  0.849  25.707 0.792  25.296 0.679  24.725 0.437
 V094   c 22 41 44.57 -64 24 27.4 - 0.390 -0.409  25.532 0.541  24.864 0.243  0.667  25.622 0.605  25.307 0.429  24.847 0.245
 V095  ab 22 41 44.75 -64 24 28.1 - 0.548 -0.261  25.619 1.152  24.887 0.633  0.732  25.729 1.246  25.365 0.968  24.870 0.638
 V096  ab 22 41 44.82 -64 25 15.7 - 0.638 -0.195  25.657 0.573  24.836 0.303  0.821  25.783 0.633  25.375 0.530  24.821 0.311
 V097   d 22 41 44.84 -64 25 09.1 u 0.364 -0.438  25.586 0.757  24.943 0.504  0.643  25.680 1.067  25.377 0.770  24.930 0.500
 V098  ab 22 41 44.85 -64 24 59.9 - 0.579 -0.237  25.632 1.219  24.876 0.609  0.756  25.753 1.335  25.363 0.944  24.855 0.598
 V099  ab 22 41 44.86 -64 25 13.2 - 0.682 -0.166  25.666 0.277  24.783 0.102  0.883  25.804 0.325  25.360 0.200  24.769 0.108
 V100  ab 22 41 44.89 -64 25 42.0 - 0.612 -0.213  25.675 1.054  24.884 0.501  0.791  25.794 1.146  25.401 0.851  24.868 0.510
 V101   d 22 41 44.96 -64 25 08.9 u 0.383 -0.417  25.488 0.719  24.856 0.480  0.632  25.586 1.068  25.259 0.739  24.845 0.479
 V102   c 22 41 45.00 -64 26 35.0 - 0.388 -0.411  25.583 0.407  24.933 0.217  0.650  25.677 0.458  25.360 0.318  24.905 0.196
 V103  ab 22 41 45.02 -64 24 41.9 - 0.587 -0.231  25.676 0.719  24.881 0.382  0.795  25.795 0.774  25.402 0.622  24.866 0.383
 V104   c 22 41 45.05 -64 25 40.3 - 0.366 -0.437  25.476 0.626  24.894 0.285  0.582  25.559 0.689  25.274 0.504  24.878 0.296
 V105   c 22 41 45.16 -64 25 46.5 - 0.380 -0.420  25.503 0.548  24.818 0.300  0.685  25.607 0.595  25.261 0.450  24.800 0.301
 V106  ab 22 41 45.43 -64 24 30.9 - 0.522 -0.282  25.604 1.549  24.934 0.686  0.670  25.703 1.701  25.369 1.206  24.924 0.671
 V107   d 22 41 45.55 -64 24 39.9 u 0.360 -0.443  25.641 0.940  24.987 0.496  0.654  25.743 1.039  25.415 0.742  24.976 0.460
 V108   d 22 41 45.60 -64 25 06.7 u 0.379 -0.422  25.467 0.724  24.827 0.344  0.640  25.570 0.802  25.234 0.573  24.819 0.445
 V109   d 22 41 45.60 -64 25 25.7 u 0.394 -0.404  25.568 0.810  24.882 0.418  0.686  25.678 0.940  25.332 0.627  24.867 0.416
 V110  ab 22 41 45.68 -64 25 23.6 - 0.647 -0.189  25.783 0.326  24.910 0.172  0.873  25.928 0.318  25.475 0.336  24.894 0.174
 V111  ab 22 41 45.72 -64 25 22.7 - 0.499 -0.302  25.639 1.391  25.005 0.727  0.633  25.725 1.504  25.428 1.162  24.996 0.718
 V112  ab 22 41 45.99 -64 24 37.8 - 0.641 -0.193  25.775 0.416  24.894 0.185  0.882  25.939 0.578  25.443 0.260  24.879 0.187
 V113  ab 22 41 46.18 -64 25 57.1 - 0.720 -0.143  25.529 0.554  24.692 0.300  0.837  25.661 0.607  25.232 0.454  24.675 0.306
 V114  ab 22 41 46.22 -64 25 22.0 - 0.608 -0.216  25.572 1.265  24.832 0.628  0.740  25.663 1.435  25.313 1.049  24.821 0.616
 V115  ab 22 41 46.23 -64 24 28.7 - 0.610 -0.215  25.606 0.887  24.815 0.482  0.791  25.724 1.032  25.337 0.738  24.798 0.490
 V116   c 22 41 46.36 -64 24 13.5 - 0.431 -0.366  25.450 0.481  24.803 0.300  0.646  25.542 0.520  25.228 0.411  24.787 0.295
 V117  ab 22 41 46.44 -64 25 33.5 - 0.514 -0.289  25.589 1.218  24.903 0.815  0.686  25.695 1.326  25.346 1.219  24.881 0.781
 V118   c 22 41 46.48 -64 25 19.9 - 0.384 -0.416  25.551 0.340  24.883 0.138  0.668  25.658 0.324  25.304 0.362  24.871 0.150
 V119   d 22 41 46.50 -64 25 18.2 u 0.362 -0.442  25.600 0.996  24.931 0.534  0.669  25.698 1.109  25.377 0.782  24.915 0.526
 V120   c 22 41 46.53 -64 24 38.7 - 0.386 -0.413  25.414 0.624  24.829 0.327  0.585  25.499 0.677  25.212 0.526  24.812 0.324
 V121  ab 22 41 46.58 -64 25 06.2 - 0.651 -0.186  25.382 0.860  24.559 0.380  0.823  25.502 0.954  25.102 0.717  24.545 0.392
 V122  ab 22 41 46.60 -64 24 36.4 - 0.668 -0.175  25.474 0.800  24.630 0.414  0.845  25.608 0.806  25.182 0.660  24.618 0.425
 V123   c 22 41 46.60 -64 25 34.2 - 0.344 -0.463  25.425 0.526  24.897 0.261  0.528  25.498 0.577  25.242 0.435  24.882 0.255
 V124  ab 22 41 46.67 -64 24 57.3 - 0.629 -0.201  25.621 0.710  24.811 0.249  0.810  25.734 0.813  25.343 0.578  24.799 0.281
 V125  ab 22 41 46.68 -64 25 09.4 - 0.495 -0.305  25.757 1.381  25.075 0.750  0.681  25.849 1.513  25.534 1.149  25.109 0.574
 V126  ab 22 41 46.71 -64 25 15.3 - 0.638 -0.195  25.719 0.602  24.827 0.297  0.893  25.867 0.630  25.407 0.535  24.816 0.308
 V127   d 22 41 46.77 -64 24 34.4 u 0.437 -0.360  25.493 0.785  24.748 0.371  0.745  25.601 0.938  25.240 0.597  24.731 0.369
 V128  ab 22 41 46.81 -64 25 35.6 - 0.702 -0.154  25.494 0.788  24.651 0.410  0.843  25.623 0.865  25.205 0.655  24.635 0.418
 V129  ab 22 41 46.92 -64 25 12.9 - 0.521 -0.283  25.680 0.953  24.978 0.481  0.702  25.784 1.038  25.441 0.780  24.963 0.482
 V130  ab 22 41 46.95 -64 25 25.4 - 0.531 -0.275  25.612 0.845  24.867 0.518  0.745  25.716 0.901  25.358 0.696  24.853 0.522
 V131  ab 22 41 46.99 -64 25 56.9 - 0.586 -0.232  25.686 0.787  24.916 0.426  0.770  25.801 0.866  25.422 0.648  24.899 0.423
 V132  ab 22 41 47.02 -64 25 41.3 - 0.574 -0.241  25.665 0.844  24.903 0.393  0.761  25.778 0.930  25.402 0.673  24.885 0.390
 V133   d 22 41 47.05 -64 25 44.1 u 0.359 -0.446  25.563 0.767  24.950 0.486  0.613  25.651 0.852  25.355 0.635  24.936 0.485
 V134  ab 22 41 47.26 -64 25 29.7 - 0.568 -0.246  25.666 1.013  24.918 0.540  0.748  25.767 1.209  25.414 0.834  24.904 0.540
 V135  ab 22 41 47.30 -64 25 35.1 - 0.521 -0.283  25.715 0.856  24.991 0.398  0.724  25.825 0.955  25.459 0.639  24.975 0.398
 V136   c 22 41 47.31 -64 25 15.0 - 0.380 -0.420  25.589 0.671  24.924 0.279  0.665  25.677 0.750  25.362 0.539  24.910 0.273
 V137  ab 22 41 47.66 -64 25 10.8 - 0.524 -0.281  25.742 1.630  24.972 0.773  0.770  25.841 1.760  25.485 1.294  24.979 0.864
 V138  ab 22 41 47.93 -64 25 34.6 - 0.587 -0.231  25.559 1.158  24.829 0.624  0.730  25.687 1.211  25.286 1.084  24.812 0.629
 V139  ab 22 41 47.94 -64 25 22.3 - 0.577 -0.239  25.565 0.983  24.841 0.474  0.724  25.672 1.069  25.322 0.801  24.824 0.473
 V140  ab 22 41 47.95 -64 24 59.0 - 0.554 -0.256  25.706 1.285  24.927 0.569  0.779  25.825 1.409  25.441 1.039  24.914 0.575
 V141  ab 22 41 47.98 -64 25 32.7 - 0.497 -0.304  25.649 1.488  25.019 0.780  0.631  25.745 1.612  25.429 1.253  25.001 0.793
 V142  ab 22 41 47.99 -64 25 35.9 - 0.664 -0.178  25.552 0.789  24.728 0.400  0.824  25.683 0.863  25.265 0.660  24.715 0.408
 V143   c 22 41 48.04 -64 25 36.0 - 0.345 -0.462  25.539 0.403  24.969 0.251  0.571  25.619 0.434  25.343 0.356  24.950 0.256
 V144  ab 22 41 48.05 -64 25 11.8 - 0.545 -0.264  25.618 1.499  24.920 0.757  0.699  25.725 1.639  25.380 1.205  24.906 0.727
 V145  ab 22 41 48.19 -64 25 25.3 - 0.586 -0.232  25.571 1.047  24.793 0.482  0.778  25.695 1.252  25.301 0.831  24.779 0.481
 V146   c 22 41 48.39 -64 24 33.0 - 0.366 -0.437  25.592 0.567  24.950 0.292  0.642  25.685 0.627  25.371 0.444  24.932 0.289
 V147   d 22 41 48.65 -64 25 37.4 u 0.356 -0.449  25.544 0.724  24.945 0.445  0.599  25.632 0.788  25.335 0.627  24.932 0.444
 V148   c 22 41 48.65 -64 24 43.8 - 0.341 -0.467  25.531 0.626  24.933 0.350  0.598  25.615 0.684  25.327 0.507  24.913 0.331
 V149  ab 22 41 48.71 -64 25 26.0 - 0.694 -0.159  25.487 0.848  24.668 0.512  0.820  25.616 0.912  25.196 0.745  24.648 0.502
 V150  ab 22 41 48.71 -64 25 30.0 - 0.552 -0.258  25.625 1.458  24.933 0.729  0.692  25.728 1.584  25.390 1.202  24.920 0.724
 V151   d 22 41 48.75 -64 25 16.8 u 0.370 -0.432  25.622 0.833  24.966 0.411  0.656  25.725 0.928  25.386 0.669  24.953 0.409
 V152  ab 22 41 48.81 -64 25 41.6 - 0.660 -0.180  25.614 0.835  24.788 0.422  0.826  25.741 0.914  25.329 0.701  24.773 0.437
 V153   d 22 41 48.87 -64 24 52.5 u 0.403 -0.394  25.424 0.611  24.733 0.501  0.691  25.530 0.679  25.186 0.540  24.717 0.582
 V154   c 22 41 48.95 -64 25 16.7 - 0.357 -0.447  25.670 0.545  25.038 0.284  0.632  25.755 0.592  25.458 0.445  25.019 0.281
 V155  ab 22 41 49.02 -64 24 51.2 - 0.509 -0.293  25.510 1.136  24.726 0.552  0.784  25.632 1.227  25.239 0.894  24.702 0.575
 V156  ab 22 41 49.04 -64 24 51.5 - 0.551 -0.259  25.646 1.335  24.938 0.664  0.709  25.749 1.452  25.404 1.116  24.925 0.661
 V157  ab 22 41 49.54 -64 24 26.5 - 0.616 -0.210  25.607 0.693  24.819 0.373  0.788  25.724 0.761  25.339 0.583  24.804 0.377
 V158   d 22 41 49.55 -64 25 21.8 u 0.389 -0.410  25.548 0.815  24.889 0.495  0.659  25.666 0.904  25.319 0.799  24.879 0.493
 V159  ab 22 41 49.61 -64 24 14.9 - 0.605 -0.218  25.701 0.596  24.851 0.292  0.850  25.834 0.662  25.408 0.492  24.835 0.283
 V160  ab 22 41 49.70 -64 25 55.2 - 0.552 -0.258  25.510 1.057  24.849 0.530  0.661  25.604 1.151  25.282 0.874  24.837 0.518
 V161  ab 22 41 49.76 -64 24 27.4 - 0.556 -0.255  25.615 1.180  24.891 0.662  0.725  25.723 1.192  25.374 1.051  24.876 0.660
 V162   c 22 41 49.76 -64 26 18.7 - 0.369 -0.433  25.605 0.539  24.965 0.278  0.640  25.697 0.581  25.388 0.449  24.950 0.273
 V163  ab 22 41 49.77 -64 24 50.7 - 0.612 -0.213  25.550 1.280  24.807 0.658  0.743  25.659 1.383  25.293 1.090  24.793 0.658
 V164   c 22 41 49.79 -64 24 52.1 - 0.364 -0.439  25.599 0.509  24.964 0.247  0.635  25.694 0.568  25.375 0.387  24.946 0.247
 V165   c 22 41 49.81 -64 26 20.2 - 0.404 -0.394  25.511 0.550  24.845 0.259  0.666  25.606 0.599  25.283 0.459  24.826 0.259
 V166  ab 22 41 49.83 -64 25 13.2 - 0.518 -0.286  25.616 1.207  24.943 0.695  0.672  25.711 1.313  25.390 0.990  24.929 0.676
 V167  ab 22 41 50.09 -64 24 58.7 - 0.705 -0.152  25.528 0.691  24.663 0.353  0.865  25.675 0.738  25.214 0.609  24.644 0.380
 V168   c 22 41 50.27 -64 25 21.5 - 0.369 -0.433  25.599 0.453  24.976 0.222  0.622  25.687 0.491  25.384 0.372  24.959 0.223
 V169  ab 22 41 50.34 -64 24 05.2 - 0.669 -0.175  25.507 0.836  24.706 0.441  0.801  25.623 0.919  25.238 0.725  24.690 0.448
 V170  ab 22 41 50.35 -64 24 37.2 - 0.630 -0.201  25.668 0.903  24.836 0.430  0.833  25.793 0.991  25.387 0.736  24.820 0.439
 V171  ab 22 41 50.39 -64 24 35.4 - 0.670 -0.174  25.517 0.861  24.700 0.438  0.817  25.640 0.936  25.233 0.686  24.685 0.447
 V172  ab 22 41 50.41 -64 24 46.4 - 0.748 -0.126  25.519 0.935  24.653 0.459  0.866  25.657 1.064  25.204 0.703  24.639 0.471
 V173  ab 22 41 50.48 -64 24 46.3 - 0.608 -0.216  25.659 0.962  24.858 0.494  0.801  25.780 1.060  25.372 0.824  24.845 0.498
 V174   c 22 41 50.56 -64 24 22.1 - 0.334 -0.476  25.563 0.483  24.985 0.298  0.578  25.644 0.527  25.360 0.396  24.968 0.315
 V175   c 22 41 50.66 -64 24 57.6 - 0.297 -0.527  25.458 0.507  24.971 0.225  0.486  25.514 0.517  25.288 0.394  24.959 0.219
 V176  ab 22 41 50.87 -64 25 09.5 - 0.507 -0.295  25.637 1.487  24.948 0.761  0.689  25.745 1.600  25.402 1.219  24.933 0.758
 V177  ab 22 41 50.91 -64 25 33.2 - 0.625 -0.204  25.670 0.860  24.846 0.426  0.824  25.799 0.950  25.383 0.711  24.835 0.431
 V178  ab 22 41 50.97 -64 25 07.4 - 0.541 -0.267  25.728 1.185  24.983 0.593  0.745  25.847 1.289  25.470 0.973  24.967 0.595
 V179  ab 22 41 51.06 -64 24 59.4 - 0.613 -0.213  25.552 1.163  24.800 0.621  0.752  25.656 1.340  25.282 1.024  24.793 0.623
 V180  ab 22 41 51.07 -64 25 06.3 - 0.624 -0.205  25.627 0.531  24.768 0.359  0.858  25.764 0.586  25.327 0.521  24.747 0.349
 V181   d 22 41 51.13 -64 24 51.8 u 0.361 -0.442  25.497 0.880  24.920 0.429  0.577  25.584 1.012  25.296 0.690  24.907 0.538
 V182   d 22 41 51.19 -64 24 13.8 u 0.397 -0.401  25.489 0.717  24.807 0.488  0.682  25.585 0.768  25.251 0.611  24.791 0.487
 V183  ab 22 41 51.20 -64 25 11.8 - 0.682 -0.166  25.524 0.771  24.695 0.443  0.829  25.649 0.831  25.237 0.640  24.685 0.408
 V184   c 22 41 51.28 -64 25 36.2 - 0.354 -0.451  25.514 0.572  24.935 0.378  0.579  25.598 0.616  25.314 0.483  24.917 0.374
 V185  ab 22 41 51.40 -64 25 35.6 - 0.552 -0.258  25.621 1.244  24.950 0.575  0.671  25.720 1.392  25.388 0.954  24.935 0.570
 V186  ab 22 41 51.50 -64 25 36.5 - 0.519 -0.285  25.610 0.798  24.965 0.462  0.646  25.705 0.861  25.399 0.723  24.946 0.471
 V187  ab 22 41 51.50 -64 25 04.6 - 0.565 -0.248  25.695 0.967  24.904 0.524  0.792  25.814 1.066  25.416 0.780  24.887 0.526
 V188  ab 22 41 51.63 -64 24 37.2 - 0.552 -0.258  25.538 0.751  24.839 0.364  0.699  25.654 0.895  25.283 0.520  24.830 0.337
 V189  ab 22 41 51.66 -64 26 20.0 - 0.748 -0.126  25.556 0.293  24.680 0.184  0.876  25.694 0.316  25.252 0.257  24.669 0.186
 V190  ab 22 41 51.69 -64 26 22.5 - 0.600 -0.222  25.731 0.883  24.926 0.422  0.805  25.846 1.064  25.454 0.714  24.913 0.441
 V191   d 22 41 51.80 -64 25 14.4 u 0.372 -0.430  25.536 0.692  24.918 0.469  0.618  25.632 0.725  25.308 0.695  24.901 0.471
 V192  ab 22 41 51.86 -64 25 04.4 - 0.613 -0.213  25.654 1.154  24.860 0.555  0.794  25.776 1.297  25.383 0.913  24.845 0.556
 V193 LPV 22 41 51.92 -64 25 56.5 u ---   ---     22.648 ---    20.204 ---    2.444  23.267 ---    21.958 ---    20.444 ---
 V194   c 22 41 51.93 -64 25 15.6 - 0.286 -0.544  25.542 0.440  25.055 0.216  0.487  25.607 0.471  25.359 0.368  25.037 0.258
 V195  ab 22 41 51.93 -64 25 33.8 - 0.509 -0.293  25.536 1.254  24.859 0.732  0.678  25.627 1.507  25.314 1.112  24.843 0.733
 V196  ab 22 41 52.02 -64 25 03.2 - 0.653 -0.185  25.697 0.413  24.837 0.231  0.861  25.832 0.458  25.398 0.353  24.822 0.240
 V197   c 22 41 52.07 -64 24 28.2 - 0.365 -0.438  25.567 0.538  24.935 0.232  0.632  25.656 0.589  25.353 0.430  24.918 0.230
 V198  ab 22 41 52.10 -64 25 47.0 - 0.546 -0.263  25.639 1.296  24.966 0.613  0.673  25.733 1.418  25.415 1.051  24.952 0.607
 V199   d 22 41 52.14 -64 25 19.4 u 0.380 -0.421  25.439 0.812  24.844 0.454  0.595  25.530 0.907  25.225 0.623  24.829 0.451
 V200  ab 22 41 52.14 -64 26 09.4 - 0.603 -0.220  25.561 1.258  24.834 0.615  0.727  25.669 1.402  25.310 0.907  24.820 0.608
 V201  ab 22 41 52.17 -64 25 24.5 - 0.618 -0.209  25.520 0.829  24.750 0.430  0.770  25.635 0.909  25.256 0.680  24.733 0.432
 V202   c 22 41 52.21 -64 24 43.0 - 0.360 -0.444  25.516 0.652  24.899 0.368  0.617  25.605 0.688  25.302 0.606  24.887 0.391
 V203  AC 22 41 52.30 -64 24 43.1 - 1.181  0.072  23.822 1.615  23.260 0.880  0.562  23.901 1.732  23.636 1.345  23.245 0.863
 V204  ab 22 41 52.32 -64 24 45.1 - 0.521 -0.283  25.609 1.415  24.913 0.727  0.696  25.701 1.561  25.375 1.163  24.941 0.488
 V205  ab 22 41 52.46 -64 26 18.6 - 0.677 -0.169  25.422 0.707  24.614 0.325  0.808  25.555 0.785  25.133 0.540  24.595 0.349
 V206  ab 22 41 52.51 -64 24 38.5 - 0.568 -0.246  25.547 0.964  24.801 0.507  0.746  25.662 1.164  25.280 0.783  24.794 0.515
 V207  AC 22 41 52.55 -64 25 24.3 - 1.085  0.035  24.173 1.454  23.477 0.753  0.696  24.271 1.579  23.942 1.218  23.462 0.749
 V208  ab 22 41 52.55 -64 25 04.2 - 0.570 -0.244  25.569 1.215  24.776 0.598  0.793  25.682 1.337  25.305 1.003  24.763 0.603
 V209  ab 22 41 52.56 -64 24 49.4 - 0.560 -0.252  25.588 1.087  24.848 0.547  0.740  25.698 1.184  25.335 0.898  24.833 0.549
 V210  ab 22 41 52.57 -64 25 27.7 - 0.581 -0.236  25.629 1.175  24.901 0.693  0.727  25.739 1.260  25.375 1.009  24.886 0.692
 V211  ab 22 41 52.71 -64 24 45.0 - 0.537 -0.270  25.619 1.373  24.910 0.670  0.708  25.722 1.491  25.372 1.102  24.895 0.663
 V212  ab 22 41 52.75 -64 24 25.9 - 0.584 -0.234  25.619 1.132  24.824 0.605  0.795  25.736 1.243  25.347 0.951  24.809 0.612
 V213  ab 22 41 52.84 -64 23 34.4 - 0.595 -0.225  25.541 1.193  24.775 0.655  0.765  25.651 1.306  25.287 0.979  24.763 0.658
 V214  ab 22 41 52.86 -64 23 37.4 - 0.580 -0.237  25.584 1.192  24.834 0.616  0.750  25.695 1.307  25.328 0.910  24.820 0.610
 V215  ab 22 41 52.92 -64 25 48.6 - 0.590 -0.229  25.607 1.137  24.865 0.562  0.742  25.716 1.246  25.351 0.852  24.848 0.568
 V216   c 22 41 52.93 -64 24 53.2 - 0.364 -0.439  25.595 0.544  24.965 0.260  0.629  25.718 0.583  25.345 0.480  24.950 0.251
 V217  ab 22 41 52.97 -64 24 23.8 - 0.648 -0.188  25.476 1.086  24.730 0.592  0.746  25.578 1.182  25.226 0.877  24.715 0.593
 V218   c 22 41 53.31 -64 25 30.2 - 0.370 -0.432  25.594 0.527  24.953 0.297  0.640  25.686 0.575  25.373 0.438  24.936 0.299
 V219  ab 22 41 53.39 -64 25 44.5 - 0.532 -0.274  25.532 1.567  24.918 0.726  0.614  25.624 1.699  25.347 1.119  24.908 0.691
 V220   c 22 41 53.53 -64 24 16.6 - 0.330 -0.481  25.496 0.680  24.939 0.361  0.557  25.572 0.735  25.304 0.551  24.924 0.387
 V221  ab 22 41 53.65 -64 24 47.9 - 0.559 -0.253  25.684 0.647  24.912 0.373  0.771  25.797 0.801  25.410 0.554  24.896 0.376
 V222  ab 22 41 53.72 -64 23 13.7 - 0.542 -0.266  25.569 1.239  24.863 0.681  0.706  25.666 1.352  25.333 1.016  24.850 0.674
 V223   c 22 41 53.73 -64 24 35.3 - 0.347 -0.460  25.482 0.650  24.875 0.359  0.607  25.566 0.708  25.272 0.543  24.858 0.353
 V224   c 22 41 53.73 -64 24 54.7 - 0.344 -0.463  25.560 0.628  24.963 0.326  0.597  25.657 0.675  25.343 0.540  24.947 0.347
 V225   d 22 41 53.78 -64 25 52.8 u 0.432 -0.365  25.406 0.825  24.709 0.449  0.697  25.513 0.900  25.165 0.691  24.701 0.859
 V226   d 22 41 53.81 -64 25 45.7 u 0.385 -0.415  25.561 0.940  24.893 0.572  0.668  25.660 1.006  25.329 0.803  24.874 0.566
 V227 LPV 22 41 53.84 -64 25 39.4 u ---   ---     23.303 ---    21.052 ---    2.251  23.847 ---    22.644 ---    21.240 ---
 V228   d 22 41 53.90 -64 24 58.1 u 0.377 -0.424  25.516 0.737  24.888 0.484  0.628  25.605 0.817  25.299 0.595  24.871 0.480
 V229  ab 22 41 53.99 -64 24 57.8 - 0.677 -0.169  25.597 0.878  24.775 0.396  0.821  25.720 0.964  25.321 0.718  24.762 0.402
 V230  ab 22 41 54.06 -64 23 50.7 - 0.714 -0.146  25.436 0.598  24.556 0.308  0.880  25.572 0.662  25.137 0.523  24.541 0.316
 V231   c 22 41 54.07 -64 25 35.0 - 0.312 -0.506  25.480 0.410  24.997 0.165  0.483  25.539 0.458  25.314 0.315  24.983 0.159
 V232  ab 22 41 54.21 -64 25 12.9 - 0.604 -0.219  25.718 0.740  24.885 0.418  0.833  25.845 0.803  25.429 0.642  24.870 0.422
 V233  ab 22 41 54.43 -64 26 25.3 - 0.737 -0.133  25.570 0.282  24.708 0.143  0.863  25.702 0.292  25.272 0.243  24.694 0.148
 V234  ab 22 41 54.54 -64 24 48.5 - 0.602 -0.220  25.516 0.726  24.744 0.360  0.772  25.636 0.949  25.249 0.602  24.727 0.366
 V235   c 22 41 54.54 -64 25 41.3 - 0.292 -0.535  25.546 0.595  25.052 0.294  0.494  25.606 0.641  25.376 0.495  25.040 0.288
 V236   c 22 41 54.70 -64 25 09.1 - 0.284 -0.547  25.486 0.475  25.014 0.319  0.473  25.533 0.532  25.322 0.418  25.003 0.304
 V237  AC 22 41 54.82 -64 25 59.3 - 0.275 -0.561  24.839 0.173  24.398 0.113  0.440  24.897 0.182  24.692 0.151  24.386 0.111
 V238   c 22 41 54.87 -64 25 09.1 - 0.376 -0.425  25.595 0.325  24.915 0.195  0.680  25.691 0.344  25.363 0.265  24.898 0.215
 V239   d 22 41 54.87 -64 25 30.7 u 0.382 -0.417  25.495 0.755  24.807 0.485  0.688  25.600 0.831  25.257 0.632  24.791 0.481
 V240   d 22 41 54.88 -64 25 36.8 u 0.406 -0.392  25.565 0.916  24.850 0.450  0.715  25.681 0.998  25.311 0.751  24.837 0.446
 V241   c 22 41 54.98 -64 25 39.0 - 0.313 -0.504  25.464 0.235  24.990 0.114  0.474  25.528 0.260  25.303 0.178  24.979 0.155
 V242  ab 22 41 54.99 -64 25 05.5 - 0.503 -0.298  25.553 1.627  24.921 0.716  0.632  25.644 1.418  25.354 1.300  24.910 0.699
 V243   d 22 41 55.00 -64 24 57.4 u 0.364 -0.438  25.500 0.713  24.925 0.433  0.575  25.583 0.794  25.302 0.563  24.908 0.430
 V244  ab 22 41 55.10 -64 24 49.0 - 0.576 -0.240  25.679 0.655  24.892 0.325  0.787  25.795 0.718  25.409 0.529  24.874 0.293
 V245   d 22 41 55.11 -64 24 53.3 u 0.398 -0.400  25.432 0.662  24.808 0.411  0.624  25.529 0.722  25.202 0.548  24.790 0.411
 V246   c 22 41 55.37 -64 25 25.9 - 0.290 -0.538  25.407 0.149  24.929 0.135  0.478  25.474 0.153  25.242 0.138  24.919 0.124
 V247   d 22 41 55.38 -64 25 18.6 u 0.360 -0.444  25.561 0.734  24.955 0.404  0.606  25.660 0.796  25.331 0.866  24.940 0.400
 V248   c 22 41 55.41 -64 25 10.3 - 0.370 -0.432  25.555 0.490  24.901 0.288  0.654  25.649 0.536  25.331 0.414  24.888 0.297
 V249   c 22 41 55.48 -64 24 54.3 - 0.363 -0.440  25.491 0.617  24.892 0.381  0.599  25.574 0.653  25.286 0.546  24.877 0.375
 V250   c 22 41 55.51 -64 26 25.0 - 0.351 -0.455  25.620 0.487  24.999 0.272  0.621  25.702 0.531  25.411 0.395  24.982 0.270
 V251  ab 22 41 55.53 -64 24 53.2 - 0.663 -0.178  25.665 0.761  24.808 0.331  0.857  25.799 0.854  25.370 0.601  24.794 0.341
 V252 LPV 22 41 55.58 -64 24 45.9 u ---   ---     23.647 ---    21.246 ---    2.401  24.251 ---    22.964 ---    21.476 ---
 V253  ab 22 41 55.59 -64 25 23.9 - 0.561 -0.251  25.496 1.323  24.758 0.663  0.738  25.617 1.516  25.211 0.883  24.745 0.669
 V254   d 22 41 55.62 -64 25 13.4 u 0.378 -0.422  25.482 0.953  24.873 0.438  0.609  25.575 1.059  25.260 0.743  24.855 0.428
 V255   c 22 41 55.78 -64 25 21.4 - 0.279 -0.554  25.500 0.366  25.036 0.169  0.464  25.567 0.433  25.324 0.259  25.025 0.159
 V256  ab 22 41 55.93 -64 25 32.7 - 0.591 -0.228  25.560 1.185  24.820 0.615  0.740  25.667 1.380  25.300 0.986  24.805 0.613
 V257  ab 22 41 55.95 -64 24 16.5 - 0.581 -0.236  25.542 1.157  24.780 0.590  0.762  25.654 1.261  25.287 0.880  24.767 0.583
 V258   c 22 41 55.99 -64 25 12.0 - 0.369 -0.433  25.436 0.653  24.824 0.323  0.612  25.520 0.711  25.231 0.527  24.808 0.318
 V259   d 22 41 56.07 -64 24 46.8 u 0.385 -0.414  25.518 0.986  24.871 0.386  0.647  25.617 1.079  25.287 0.798  24.856 0.475
 V260  ab 22 41 56.14 -64 25 42.3 - 0.656 -0.183  25.699 0.518  24.835 0.316  0.864  25.837 0.564  25.399 0.440  24.820 0.322
 V261   d 22 41 56.16 -64 25 16.1 u 0.395 -0.403  25.465 0.779  24.821 0.365  0.644  25.563 0.850  25.231 0.790  24.804 0.366
 V262  ab 22 41 56.16 -64 25 44.9 - 0.571 -0.243  25.479 1.542  24.830 0.851  0.649  25.571 1.661  25.283 1.148  24.823 0.730
 V263  ab 22 41 56.20 -64 24 40.5 - 0.705 -0.152  25.535 0.778  24.657 0.429  0.878  25.688 0.879  25.225 0.763  24.643 0.441
 V264   c 22 41 56.37 -64 25 20.6 - 0.348 -0.458  25.540 0.594  24.937 0.304  0.603  25.624 0.653  25.340 0.488  24.920 0.298
 V265  ab 22 41 56.43 -64 25 30.2 - 0.687 -0.163  25.529 0.791  24.707 0.384  0.822  25.658 0.878  25.246 0.634  24.692 0.402
 V266  ab 22 41 56.47 -64 24 36.1 - 0.666 -0.177  25.510 1.109  24.704 0.544  0.806  25.634 1.202  25.242 0.852  24.686 0.543
 V267  ab 22 41 56.52 -64 25 18.5 - 0.529 -0.277  25.558 1.457  24.924 0.773  0.634  25.639 1.693  25.344 1.161  24.913 0.747
 V268  ab 22 41 56.58 -64 24 46.8 - 0.658 -0.182  25.539 0.857  24.726 0.474  0.812  25.654 0.939  25.259 0.753  24.712 0.478
 V269  ab 22 41 56.66 -64 25 59.2 - 0.644 -0.191  25.523 1.144  24.765 0.594  0.758  25.634 1.246  25.273 0.939  24.750 0.602
 V270  ab 22 41 56.78 -64 25 16.8 - 0.605 -0.218  25.643 1.142  24.857 0.465  0.786  25.758 1.252  25.374 0.933  24.844 0.473
 V271  ab 22 41 56.81 -64 25 41.0 - 0.611 -0.214  25.523 1.272  24.785 0.611  0.738  25.627 1.406  25.269 1.022  24.770 0.604
 V272  ab 22 41 56.86 -64 24 42.5 - 0.556 -0.255  25.620 1.019  24.838 0.507  0.782  25.735 1.119  25.360 0.825  24.821 0.512
 V273  ab 22 41 56.87 -64 25 35.3 - 0.626 -0.203  25.587 0.747  24.776 0.385  0.811  25.709 0.889  25.312 0.648  24.762 0.391
 V274   c 22 41 56.99 -64 24 55.2 - 0.391 -0.408  25.482 0.497  24.843 0.285  0.639  25.583 0.520  25.256 0.433  24.835 0.317
 V275  ab 22 41 57.04 -64 24 32.1 - 0.771 -0.113  25.501 0.537  24.613 0.230  0.888  25.639 0.602  25.196 0.434  24.599 0.241
 V276  ab 22 41 57.15 -64 25 46.5 - 0.568 -0.246  25.679 1.187  24.904 0.594  0.774  25.793 1.294  25.418 0.951  24.890 0.587
 V277   d 22 41 57.24 -64 24 51.7 u 0.407 -0.391  25.443 0.711  24.778 0.486  0.665  25.545 0.766  25.206 0.597  24.762 0.487
 V278  ab 22 41 57.26 -64 24 51.5 - 0.597 -0.224  25.661 1.002  24.859 0.470  0.802  25.781 1.113  25.388 0.818  24.844 0.480
 V279  ab 22 41 57.33 -64 24 56.0 - 0.500 -0.301  25.559 1.394  24.938 0.806  0.622  25.647 1.495  25.358 1.162  24.927 0.792
 V280  ab 22 41 57.42 -64 25 18.8 - 0.662 -0.179  25.613 0.692  24.772 0.359  0.840  25.737 0.746  25.325 0.552  24.757 0.376
 V281  ab 22 41 57.44 -64 24 44.2 - 0.555 -0.256  25.490 1.329  24.788 0.587  0.702  25.591 1.466  25.244 1.102  24.774 0.581
 V282   c 22 41 57.55 -64 25 50.6 - 0.305 -0.516  25.576 0.660  25.073 0.376  0.503  25.647 0.755  25.392 0.567  25.065 0.393
 V283   d 22 41 57.57 -64 25 05.1 u 0.396 -0.402  25.462 0.771  24.811 0.479  0.651  25.560 0.840  25.234 0.644  24.795 0.482
 V284  ab 22 41 57.62 -64 25 41.2 - 0.623 -0.206  25.562 1.105  24.790 0.547  0.772  25.684 1.192  25.293 0.934  24.768 0.607
 V285  ab 22 41 57.73 -64 25 17.9 - 0.639 -0.194  25.703 0.211  24.847 0.088  0.856  25.838 0.234  25.408 0.183  24.831 0.092
 V286  ab 22 41 57.78 -64 25 38.3 - 0.631 -0.200  25.672 0.836  24.822 0.339  0.850  25.797 0.773  25.375 0.561  24.807 0.349
 V287  ab 22 41 57.84 -64 25 05.5 - 0.649 -0.188  25.465 1.333  24.735 0.728  0.730  25.569 1.473  25.208 1.123  24.716 0.723
 V288   c 22 41 57.84 -64 25 17.3 - 0.350 -0.456  25.468 0.359  24.918 0.221  0.551  25.556 0.357  25.265 0.356  24.901 0.217
 V289  ab 22 41 57.93 -64 25 34.2 - 0.577 -0.239  25.556 0.789  24.811 0.415  0.745  25.663 0.864  25.302 0.632  24.795 0.415
 V290   c 22 41 58.01 -64 25 42.4 - 0.372 -0.429  25.492 0.614  24.873 0.346  0.619  25.578 0.672  25.281 0.500  24.857 0.339
 V291  ab 22 41 58.01 -64 24 58.3 - 0.558 -0.253  25.624 0.937  24.876 0.515  0.749  25.733 1.016  25.369 0.796  24.862 0.502
 V292  ab 22 41 58.14 -64 25 40.0 - 0.566 -0.247  25.636 0.947  24.876 0.577  0.760  25.742 1.295  25.356 0.838  24.863 0.568
 V293   d 22 41 58.15 -64 25 38.1 u 0.363 -0.440  25.609 0.839  24.939 0.409  0.670  25.709 0.916  25.374 0.681  24.923 0.406
 V294   c 22 41 58.19 -64 25 08.5 - 0.322 -0.492  25.427 0.351  24.910 0.152  0.517  25.497 0.385  25.253 0.279  24.895 0.144
 V295  ab 22 41 58.27 -64 25 19.9 - 0.635 -0.197  25.689 0.499  24.812 0.272  0.877  25.826 0.546  25.390 0.425  24.796 0.280
 V296   c 22 41 58.29 -64 24 44.0 - 0.325 -0.488  25.413 0.298  24.911 0.162  0.502  25.479 0.326  25.248 0.240  24.898 0.160
 V297  ab 22 41 58.36 -64 25 21.6 - 0.613 -0.213  25.698 0.715  24.877 0.397  0.821  25.818 0.796  25.418 0.607  24.862 0.404
 V298  ab 22 41 58.45 -64 24 17.1 - 0.823 -0.085  25.489 0.272  24.606 0.163  0.883  25.627 0.296  25.183 0.237  24.589 0.166
 V299  ab 22 41 58.46 -64 24 50.2 - 0.637 -0.196  25.619 0.811  24.784 0.401  0.835  25.742 0.900  25.334 0.710  24.769 0.407
 V300  ab 22 41 58.48 -64 24 38.8 - 0.719 -0.143  25.482 0.857  24.634 0.397  0.848  25.613 0.952  25.188 0.675  24.620 0.405
 V301   c 22 41 58.53 -64 24 48.8 - 0.364 -0.439  25.521 0.462  24.894 0.296  0.627  25.610 0.497  25.308 0.398  24.876 0.294
 V302   d 22 41 58.65 -64 25 18.2 u 0.366 -0.436  25.599 0.655  24.937 0.404  0.662  25.694 0.733  25.376 0.535  24.920 0.384
 V303  ab 22 41 58.86 -64 24 43.9 - 0.519 -0.285  25.660 1.370  24.954 0.722  0.707  25.774 1.493  25.428 0.983  24.933 0.697
 V304  ab 22 41 58.89 -64 25 57.2 - 0.653 -0.185  25.495 0.896  24.731 0.425  0.764  25.604 0.990  25.239 0.677  24.717 0.429
 V305  ab 22 41 59.08 -64 25 37.9 - 0.562 -0.250  25.529 1.234  24.822 0.532  0.707  25.639 1.301  25.287 0.964  24.807 0.527
 V306  ab 22 41 59.14 -64 25 35.3 - 0.550 -0.260  25.631 0.856  24.909 0.364  0.723  25.738 0.939  25.384 0.696  24.894 0.370
 V307   d 22 41 59.17 -64 25 09.4 u 0.401 -0.397  25.499 0.689  24.793 0.382  0.706  25.610 0.761  25.250 0.571  24.777 0.381
 V308  ab 22 41 59.26 -64 24 47.5 - 0.619 -0.208  25.508 1.180  24.761 0.637  0.748  25.620 1.284  25.253 0.985  24.745 0.640
 V309  ab 22 41 59.28 -64 24 59.1 - 0.618 -0.209  25.628 0.958  24.829 0.520  0.799  25.756 1.069  25.349 0.824  24.814 0.525
 V310  ab 22 41 59.30 -64 26 07.5 - 0.586 -0.232  25.692 1.047  24.910 0.596  0.783  25.799 1.313  25.421 0.842  24.893 0.586
 V311  ab 22 41 59.30 -64 26 02.1 - 0.650 -0.187  25.455 1.360  24.769 0.644  0.686  25.557 1.481  25.221 1.095  24.757 0.635
 V312   c 22 41 59.37 -64 24 23.7 - 0.412 -0.385  25.579 0.354  24.861 0.214  0.717  25.686 0.382  25.328 0.298  24.844 0.214
 V313   d 22 41 59.41 -64 25 16.6 u 0.407 -0.391  25.490 0.771  24.794 0.383  0.696  25.599 0.868  25.248 0.613  24.779 0.383
 V314  ab 22 41 59.41 -64 24 49.3 - 0.516 -0.287  25.586 1.180  24.905 0.711  0.682  25.678 1.339  25.357 0.964  24.890 0.708
 V315  ab 22 41 59.47 -64 24 24.8 - 0.641 -0.193  25.513 0.862  24.725 0.384  0.785  25.629 1.041  25.239 0.731  24.709 0.344
 V316  ab 22 41 59.58 -64 25 16.5 - 0.554 -0.256  25.644 1.248  24.911 0.641  0.734  25.739 1.281  25.393 0.920  24.898 0.639
 V317  ab 22 41 59.58 -64 25 34.8 - 0.588 -0.231  25.609 1.146  24.834 0.505  0.775  25.723 1.246  25.341 0.905  24.818 0.514
 V318   c 22 41 59.63 -64 25 34.4 - 0.329 -0.483  25.594 0.635  25.039 0.302  0.555  25.676 0.721  25.397 0.472  25.023 0.296
 V319  ab 22 41 59.67 -64 25 33.6 - 0.610 -0.215  25.467 1.266  24.776 0.680  0.690  25.561 1.367  25.233 1.065  24.762 0.672
 V320   d 22 41 59.70 -64 25 23.5 u 0.368 -0.435  25.519 0.907  24.881 0.460  0.638  25.614 1.009  25.302 0.702  24.869 0.447
 V321   d 22 42 00.03 -64 24 13.6 u 0.379 -0.422  25.493 0.690  24.889 0.409  0.604  25.595 0.999  25.277 0.709  24.874 0.409
 V322   c 22 42 00.04 -64 25 21.7 - 0.323 -0.491  25.402 0.236  24.909 0.093  0.492  25.473 0.268  25.240 0.175  24.895 0.087
 V323  ab 22 42 00.08 -64 24 12.3 - 0.687 -0.163  25.519 0.834  24.688 0.453  0.831  25.649 0.918  25.232 0.680  24.674 0.461
 V324  ab 22 42 00.12 -64 24 53.4 - 0.528 -0.277  25.583 1.412  24.922 0.764  0.661  25.678 1.541  25.352 1.192  24.908 0.758
 V325   d 22 42 00.17 -64 25 00.3 u 0.394 -0.405  25.456 0.695  24.824 0.368  0.632  25.547 0.754  25.225 0.668  24.808 0.367
 V326   c 22 42 00.20 -64 24 49.5 - 0.373 -0.428  25.526 0.522  24.874 0.221  0.653  25.619 0.574  25.304 0.416  24.856 0.224
 V327  ab 22 42 00.27 -64 24 49.8 - 0.562 -0.250  25.595 1.217  24.865 0.623  0.730  25.701 1.272  25.340 0.966  24.850 0.622
 V328   d 22 42 00.27 -64 24 55.8 u 0.402 -0.396  25.514 0.790  24.803 0.541  0.711  25.618 0.865  25.270 0.654  24.790 0.540
 V329  ab 22 42 00.34 -64 25 43.4 - 0.576 -0.240  25.610 1.117  24.867 0.512  0.742  25.704 1.370  25.358 0.912  24.853 0.512
 V330  ab 22 42 00.44 -64 25 19.1 - 0.595 -0.225  25.527 1.280  24.792 0.610  0.735  25.646 1.376  25.278 1.040  24.778 0.607
 V331   c 22 42 00.73 -64 24 55.1 - 0.363 -0.440  25.437 0.525  24.754 0.292  0.683  25.535 0.550  25.194 0.456  24.733 0.280
 V332 LPV 22 42 00.81 -64 25 18.6 u ---   ---     22.568 ---    20.091 ---    2.477  23.202 ---    21.874 ---    20.341 ---
 V333   c 22 42 00.93 -64 25 43.5 - 0.357 -0.447  25.510 0.713  24.921 0.381  0.589  25.592 0.770  25.313 0.589  24.905 0.370
 V334  ab 22 42 01.15 -64 25 48.7 - 0.564 -0.249  25.666 1.112  24.909 0.617  0.757  25.781 1.201  25.399 0.903  24.896 0.620
 V335  ab 22 42 01.16 -64 25 37.7 - 0.558 -0.253  25.586 1.279  24.842 0.636  0.744  25.697 1.379  25.335 1.059  24.828 0.645
 V336  ab 22 42 01.44 -64 24 39.1 - 0.595 -0.225  25.606 0.913  24.818 0.425  0.788  25.730 1.034  25.329 0.769  24.804 0.433
 V337   d 22 42 01.55 -64 25 31.7 u 0.388 -0.411  25.512 0.888  24.847 0.517  0.665  25.620 1.075  25.266 0.821  24.835 0.513
 V338  ab 22 42 01.63 -64 25 39.7 - 0.574 -0.241  25.659 1.128  24.877 0.592  0.782  25.771 1.234  25.392 0.868  24.860 0.599
 V339   c 22 42 01.66 -64 24 57.2 - 0.319 -0.496  25.497 0.661  24.956 0.395  0.541  25.571 0.711  25.312 0.564  24.940 0.421
 V340  ab 22 42 01.68 -64 25 15.2 - 0.552 -0.258  25.524 1.370  24.817 0.639  0.708  25.646 1.488  25.267 1.095  24.806 0.625
 V341  ab 22 42 01.93 -64 25 21.5 - 0.678 -0.169  25.267 1.056  24.486 0.543  0.781  25.380 1.149  25.005 0.821  24.473 0.546
 V342  ab 22 42 02.03 -64 24 59.6 - 0.638 -0.195  25.510 0.885  24.761 0.390  0.749  25.628 1.065  25.252 0.694  24.746 0.390
 V343   c 22 42 02.06 -64 25 48.5 - 0.411 -0.386  25.474 0.535  24.825 0.291  0.649  25.567 0.577  25.251 0.446  24.809 0.293
 V344  AC 22 42 02.10 -64 25 17.3 - 0.530 -0.276  24.681 0.764  23.980 0.444  0.700  24.784 0.835  24.440 0.651  23.963 0.443
 V345  ab 22 42 02.20 -64 25 57.7 - 0.654 -0.184  25.494 1.264  24.749 0.614  0.745  25.604 1.399  25.243 1.021  24.735 0.611
 V346  ab 22 42 02.25 -64 25 03.6 - 0.581 -0.236  25.638 1.152  24.878 0.531  0.761  25.762 1.233  25.364 0.908  24.868 0.525
 V347  ab 22 42 02.51 -64 25 43.2 - 0.584 -0.234  25.491 1.384  24.755 0.646  0.736  25.605 1.532  25.229 1.117  24.743 0.644
 V348   c 22 42 02.61 -64 25 09.5 - 0.392 -0.407  25.484 0.494  24.796 0.314  0.688  25.582 0.534  25.251 0.422  24.780 0.317
 V349   d 22 42 02.72 -64 24 49.8 u 0.415 -0.382  25.469 0.720  24.802 0.441  0.667  25.573 0.779  25.231 0.612  24.786 0.516
 V350  ab 22 42 02.74 -64 25 37.7 - 0.576 -0.240  25.635 1.154  24.875 0.615  0.760  25.748 1.282  25.380 0.881  24.860 0.615
 V351  ab 22 42 03.02 -64 25 39.2 - 0.493 -0.307  25.602 1.182  24.937 0.685  0.665  25.700 1.267  25.365 1.025  24.919 0.701
 V352  ab 22 42 03.14 -64 25 00.4 - 0.531 -0.275  25.606 1.328  24.905 0.751  0.701  25.704 1.449  25.377 1.101  24.890 0.742
 V353   c 22 42 03.15 -64 26 05.4 - 0.377 -0.424  25.459 0.656  24.876 0.311  0.583  25.540 0.711  25.263 0.533  24.862 0.303
 V354   d 22 42 03.15 -64 25 09.5 u 0.360 -0.443  25.557 0.724  24.917 0.476  0.640  25.648 0.767  25.337 0.636  24.901 0.474
 V355  ab 22 42 03.28 -64 24 48.5 - 0.735 -0.134  25.397 1.112  24.629 0.517  0.768  25.504 1.241  25.135 0.916  24.619 0.526
 V356  ab 22 42 03.34 -64 25 00.1 - 0.597 -0.224  25.494 1.255  24.794 0.753  0.700  25.599 1.382  25.253 1.016  24.781 0.736
 V357   c 22 42 03.54 -64 25 35.0 - 0.328 -0.484  25.436 0.648  24.882 0.376  0.554  25.508 0.679  25.249 0.537  24.868 0.380
 V358  ab 22 42 03.63 -64 25 24.3 - 0.614 -0.212  25.551 0.589  24.800 0.297  0.751  25.663 0.652  25.293 0.481  24.783 0.297
 V359   c 22 42 03.72 -64 25 54.1 - 0.332 -0.479  25.446 0.344  24.943 0.157  0.504  25.514 0.374  25.278 0.287  24.926 0.183
 V360   d 22 42 03.93 -64 25 32.3 u 0.384 -0.416  25.495 0.736  24.824 0.404  0.671  25.607 0.871  25.245 0.642  24.814 0.403
 V361  ab 22 42 04.10 -64 25 20.2 - 0.668 -0.175  25.441 1.182  24.688 0.613  0.753  25.548 1.428  25.189 1.014  24.674 0.618
 V362  ab 22 42 04.22 -64 25 16.8 - 0.576 -0.240  25.631 1.018  24.851 0.557  0.779  25.745 1.125  25.369 0.840  24.835 0.559
 V363  ab 22 42 04.47 -64 25 39.7 - 0.601 -0.221  25.590 0.753  24.810 0.424  0.780  25.704 0.823  25.327 0.627  24.793 0.429
 V364  ab 22 42 04.52 -64 25 31.4 - 0.712 -0.148  25.156 0.797  24.355 0.448  0.802  25.276 0.875  24.886 0.650  24.339 0.452
 V365  ab 22 42 04.70 -64 25 27.7 - 0.518 -0.286  25.627 1.470  24.953 0.746  0.675  25.727 1.597  25.403 1.189  24.934 0.739
 V366   d 22 42 05.62 -64 25 34.8 u 0.416 -0.381  25.442 0.724  24.744 0.418  0.698  25.542 0.778  25.200 0.616  24.728 0.416
 V367   c 22 42 06.18 -64 25 33.2 - 0.316 -0.500  25.408 0.546  24.875 0.298  0.533  25.482 0.587  25.226 0.451  24.860 0.321
 V368  ab 22 42 06.30 -64 25 04.4 - 0.618 -0.209  25.714 0.669  24.874 0.380  0.840  25.840 0.733  25.429 0.592  24.860 0.391
 V369   d 22 42 06.39 -64 25 37.1 u 0.382 -0.418  25.510 0.962  24.838 0.531  0.672  25.609 1.061  25.280 0.788  24.836 0.750
 V370   c 22 42 07.95 -64 25 39.1 - 0.427 -0.370  25.457 0.490  24.735 0.297  0.722  25.563 0.523  25.208 0.425  24.716 0.297
 V371   c 22 42 08.22 -64 25 24.2 - 0.379 -0.421  25.502 0.590  24.832 0.316  0.670  25.602 0.644  25.270 0.477  24.815 0.318
