V001    0 32 38.899 +48 21 55.11 0.610 25.255 1.058 24.711 0.717 0.545 RRab
V002    0 32 39.924 +48 22 35.39 0.306 25.435 0.474 25.012 0.268 0.423 RRc
V003    0 32 40.744 +48 22 21.16 0.560 25.481 0.946 24.922 0.700 0.559 RRab
V004    0 32 41.020 +48 22 28.11 0.539 25.395 1.096 24.903 0.809 0.492 RRab
V005    0 32 41.227 +48 23 09.49 0.703 25.321 0.489 24.744 0.221 0.577 RRab
V006    0 32 41.295 +48 24 19.66 0.601 25.552 0.722 24.856 0.416 0.696 RRab
V007    0 32 41.350 +48 24 00.77 0.281 25.644 0.464 25.173 0.331 0.471 RRc
V008    0 32 41.713 +48 21 24.11 0.637 25.396 0.508 24.797 0.292 0.599 RRab
V009    0 32 41.822 +48 22 59.91 0.362 26.145 0.241 25.762 0.308 0.383 RRc
V010    0 32 41.960 +48 23 28.67 0.338 25.448 0.384 24.980 0.234 0.469 RRc
V011    0 32 42.187 +48 21 46.61 0.660 25.286 0.387 24.690 0.256 0.596 RRab
V012    0 32 42.295 +48 23 41.39 0.582 25.465 0.746 24.871 0.533 0.594 RRab
V013    0 32 42.502 +48 24 23.53 0.581 25.472 0.848 24.881 0.505 0.591 RRab
V014    0 32 42.649 +48 23 27.31 0.542 25.467 0.730 24.923 0.521 0.544 RRab
V015    0 32 42.889 +48 22 29.93 0.367 25.291 0.366 24.815 0.319 0.476 RRc
V016    0 32 42.904 +48 22 04.00 0.259 25.469 0.302 25.102 0.179 0.367 RRc
V017    0 32 42.986 +48 22 12.41 0.514 24.019 0.239 23.251 0.202 0.767 AC?
V018    0 32 43.079 +48 23 12.19 0.538 25.464 0.590 24.928 0.432 0.536 RRab
V019    0 32 43.241 +48 24 11.31 0.242 25.775 0.383 25.322 0.251 0.453 RRc
V020    0 32 43.337 +48 21 48.73 9.999 99.999 9.999 99.999 9.999 9.999 Eclipsing
V021    0 32 43.353 +48 22 19.46 0.686 25.088 0.893 24.605 0.554 0.482 RRab
V022    0 32 43.382 +48 23 21.83 0.274 25.519 0.463 25.087 0.318 0.432 RRc
V023    0 32 43.416 +48 23 59.35 0.586 25.529 0.682 24.922 0.430 0.607 RRab
V024    0 32 43.607 +48 24 15.51 0.610 25.474 0.632 24.854 0.486 0.620 RRab
V025    0 32 43.924 +48 24 27.33 0.682 25.416 0.734 24.774 0.428 0.642 RRab
V026    0 32 44.155 +48 21 12.57 0.347 25.361 0.416 24.892 0.314 0.469 RRc
V027    0 32 44.194 +48 22 34.45 9.999 99.999 9.999 99.999 9.999 9.999 Eclipsing
V028    0 32 44.221 +48 23 04.00 0.600 25.314 0.943 24.805 0.620 0.509 RRab
V029    0 32 44.316 +48 23 00.40 1.167 25.640 0.232 24.968 0.273 0.672 RRab
V030    0 32 44.401 +48 23 22.19 0.591 25.432 0.691 24.864 0.509 0.568 RRab
V031    0 32 44.590 +48 22 39.28 0.384 25.272 0.274 24.776 0.173 0.496 RRc
V032    0 32 44.610 +48 22 48.92 0.677 25.323 0.473 24.731 0.338 0.592 RRab
V033    0 32 44.974 +48 23 35.99 0.582 25.418 0.716 24.832 0.603 0.585 RRab
V034    0 32 45.081 +48 23 11.88 0.510 25.436 0.998 24.955 0.695 0.482 RRab
V035    0 32 45.132 +48 21 17.38 0.302 25.477 0.353 25.048 0.284 0.429 RRc
V036    0 32 45.299 +48 21 09.63 0.609 25.218 0.736 24.468 0.663 0.750 RRab
V037    0 32 45.635 +48 24 25.32 0.752 25.370 0.407 24.729 0.209 0.642 RRab
V038    0 32 45.757 +48 22 55.16 0.383 25.178 0.389 24.663 0.240 0.515 RRc
V039    0 32 45.833 +48 22 55.93 0.324 25.376 0.502 24.934 0.346 0.442 RRc
V040    0 32 46.005 +48 24 07.39 0.322 25.565 0.402 25.048 0.280 0.517 RRc
V041    0 32 46.157 +48 23 48.43 0.579 25.446 0.791 24.896 0.428 0.551 RRab
V042    0 32 46.264 +48 22 00.97 0.516 25.450 1.035 24.921 0.696 0.529 RRab
V043    0 32 46.384 +48 24 17.05 0.322 25.585 0.404 25.066 0.204 0.519 RRc
V044    0 32 46.441 +48 22 17.55 0.349 25.441 0.302 24.959 0.298 0.482 RRc
V045    0 32 46.490 +48 23 48.69 0.598 25.393 0.825 24.874 0.536 0.519 RRab
V046    0 32 46.549 +48 21 08.38 0.339 25.436 0.367 24.962 0.251 0.474 RRc
V047    0 32 47.310 +48 23 38.64 0.629 25.244 0.671 24.632 0.481 0.612 RRab
V048    0 32 47.349 +48 22 51.52 9.999 99.999 9.999 99.999 9.999 9.999 Unclassified
V049    0 32 47.444 +48 21 20.71 0.561 25.378 0.583 24.858 0.430 0.521 RRab
V050    0 32 47.470 +48 22 58.70 0.664 25.326 0.651 24.776 0.354 0.550 RRab
V051    0 32 47.557 +48 23 11.80 0.370 25.153 0.441 24.736 0.301 0.417 RRc
V052    0 32 47.661 +48 23 35.52 0.276 25.482 0.441 25.058 0.285 0.424 RRc
V053    0 32 47.713 +48 24 00.83 0.698 25.367 0.346 24.717 0.283 0.650 RRab
V054    0 32 47.827 +48 23 12.56 0.612 25.417 0.536 24.827 0.386 0.589 RRab
V055    0 32 47.903 +48 24 12.70 0.598 25.364 1.103 24.820 0.747 0.544 RRab
V056    0 32 47.954 +48 22 17.51 0.336 25.543 0.338 25.022 0.241 0.521 RRcRRc
V057    0 32 48.119 +48 23 17.39 0.507 25.423 1.144 24.915 0.817 0.508 RRab
V058    0 32 48.231 +48 22 32.53 9.999 99.999 9.999 99.999 9.999 9.999 Eclipsing
V059    0 32 48.409 +48 24 23.54 0.322 25.427 0.291 24.939 0.135 0.488 RRc
V060    0 32 48.430 +48 22 05.39 0.566 25.476 0.758 24.915 0.506 0.562 RRab
V061    0 32 48.472 +48 23 34.54 0.577 25.401 0.937 24.818 0.548 0.583 RRab
V062    0 32 48.971 +48 21 34.70 0.272 25.453 0.407 25.056 0.301 0.397 RRc
V063    0 32 49.153 +48 23 02.68 0.524 25.330 0.703 24.837 0.567 0.493 RRab
V064    0 32 49.180 +48 22 29.48 0.520 25.522 1.115 24.961 0.641 0.561 RRab
V065    0 32 49.224 +48 22 41.55 0.548 25.486 0.983 24.930 0.543 0.556 RRab
V066    0 32 49.402 +48 21 47.30 0.284 25.691 0.331 25.221 0.195 0.470 RRc
V067    0 32 49.677 +48 21 29.16 0.482 25.455 1.185 24.968 0.683 0.487 RRab
V068    0 32 49.713 +48 23 16.48 0.516 25.516 0.866 24.936 0.775 0.580 RRab
V069    0 32 49.874 +48 21 56.00 0.616 25.275 0.966 24.773 0.663 0.503 RRab
V070    0 32 49.943 +48 23 20.08 0.334 25.442 0.382 24.981 0.218 0.461 RRc
V071    0 32 49.954 +48 22 59.93 0.448 25.211 0.359 24.672 0.352 0.539 RRc
V072    0 32 49.978 +48 24 21.14 0.260 25.648 0.328 25.214 0.199 0.434 RRc
V073    0 32 50.189 +48 24 14.34 0.331 25.520 0.417 25.056 0.294 0.465 RRc
V074    0 32 50.297 +48 21 15.31 0.534 25.314 0.863 24.826 0.584 0.488 RRab
V075    0 32 50.477 +48 24 17.94 0.528 25.586 0.594 25.006 0.410 0.581 RRab
V076    0 32 50.687 +48 22 42.96 0.639 25.364 0.774 24.789 0.485 0.574 RRab
V077    0 32 50.753 +48 22 44.52 0.603 25.277 0.910 24.780 0.456 0.497 RRab
V078    0 32 51.020 +48 24 11.29 0.775 25.279 0.281 24.673 0.243 0.606 RRab
V079    0 32 51.177 +48 23 30.71 0.793 25.204 0.319 24.572 0.244 0.633 RRab
V080    0 32 51.198 +48 24 09.27 0.551 25.532 0.290 24.938 0.294 0.594 RRab
V081    0 32 51.251 +48 21 20.72 0.576 24.919 0.792 24.328 0.433 0.591 RRab
V082    0 32 51.279 +48 23 30.44 0.515 25.451 0.991 24.915 0.634 0.536 RRab
V083    0 32 51.572 +48 20 58.65 0.562 25.482 0.815 24.916 0.481 0.566 RRab
V084    0 32 51.670 +48 21 48.44 0.474 25.447 1.087 24.957 0.646 0.490 RRab
V085    0 32 52.047 +48 21 45.11 0.401 25.274 0.404 24.796 0.280 0.479 RRc
V086    0 32 52.181 +48 21 26.87 9.999 99.999 9.999 99.999 9.999 9.999 Unclassified
V087    0 32 52.334 +48 23 46.01 0.275 25.559 0.459 25.081 0.389 0.478 RRc
V088    0 32 52.352 +48 21 25.54 0.476 25.384 1.188 24.951 0.749 0.433 RRab
V089    0 32 52.416 +48 23 43.43 0.576 25.409 0.766 24.815 0.496 0.594 RRab
V090    0 32 52.610 +48 22 04.27 2.117 24.224 1.038 23.674 0.768 0.550 BL
V091    0 32 52.867 +48 21 30.72 0.657 25.404 0.447 24.818 0.266 0.585 RRab
V092    0 32 53.017 +48 24 17.65 0.351 25.445 0.237 24.853 0.363 0.593 RRc
V093    0 32 53.029 +48 22 41.56 0.303 25.419 0.264 24.974 0.153 0.444 RRc
V094    0 32 53.042 +48 21 21.03 0.358 25.379 0.399 24.898 0.227 0.481 RRc
V095    0 32 53.051 +48 23 28.01 0.346 25.433 0.316 24.933 0.257 0.501 RRc
V096    0 32 53.062 +48 21 11.64 0.614 25.369 0.861 24.830 0.596 0.539 RRab
V097    0 32 53.113 +48 23 37.49 0.343 25.419 0.396 24.924 0.286 0.495 RRc
V098    0 32 53.141 +48 23 03.21 0.335 25.534 0.345 25.044 0.282 0.491 RRc
V099    0 32 53.168 +48 23 10.73 0.596 25.415 0.498 24.832 0.416 0.584 RRab
V100    0 32 53.219 +48 22 47.23 0.279 25.509 0.405 25.069 0.314 0.440 RRc
V101    0 32 53.219 +48 23 19.10 0.527 25.394 0.933 24.878 0.570 0.516 RRab
V102    0 32 53.230 +48 23 14.10 0.494 25.419 1.145 24.902 0.745 0.517 RRab
V103    0 32 53.286 +48 22 24.23 0.745 25.908 0.205 25.341 0.112 0.567 RRab
V104    0 32 53.303 +48 21 41.20 9.999 99.999 9.999 99.999 9.999 9.999 Unclassified
V105    0 32 53.366 +48 21 42.62 9.999 99.999 9.999 99.999 9.999 9.999 Unclassified
V106    0 32 53.476 +48 23 49.69 0.487 25.499 0.799 24.958 0.520 0.540 RRab
V107    0 32 53.479 +48 22 50.54 0.293 25.623 0.391 25.169 0.234 0.454 RRc
V108    0 32 53.596 +48 22 01.44 0.531 25.512 0.732 24.953 0.394 0.560 RRab
V109    0 32 53.607 +48 23 22.12 0.637 25.198 0.940 24.643 0.649 0.556 RRab
V110    0 32 53.696 +48 23 51.75 0.490 25.483 1.107 24.944 0.802 0.539 RRab
V111    0 32 53.721 +48 22 33.37 0.629 25.350 0.874 24.769 0.577 0.581 RRab
V112    0 32 53.727 +48 22 55.77 0.459 25.624 1.115 25.144 0.787 0.480 RRab
V113    0 32 53.737 +48 21 32.07 0.645 25.415 0.242 24.837 0.228 0.578 RRab
V114    0 32 53.860 +48 21 36.38 0.445 25.613 1.164 25.127 0.779 0.486 RRab
V115    0 32 54.029 +48 23 38.81 9.999 99.999 9.999 99.999 9.999 9.999 Eclipsing
V116    0 32 54.065 +48 23 54.96 0.377 25.366 0.415 24.869 0.265 0.496 RRc
V117    0 32 54.076 +48 21 00.29 0.600 25.409 0.599 24.831 0.301 0.579 RRab
V118    0 32 54.430 +48 22 10.23 0.534 25.493 0.911 24.758 0.783 0.735 RRab
V119    0 32 54.501 +48 22 20.13 0.736 25.341 0.435 24.686 0.331 0.655 RRab
V120    0 32 54.510 +48 22 02.63 0.643 25.391 0.424 24.735 0.249 0.657 RRab
V121    0 32 54.666 +48 23 25.55 0.577 25.391 0.996 24.855 0.642 0.536 RRab
V122    0 32 54.828 +48 23 46.10 0.720 25.203 0.464 24.601 0.383 0.603 RRab
V123    0 32 54.969 +48 24 10.71 0.331 25.550 0.411 25.060 0.271 0.490 RRc
V124    0 32 55.333 +48 22 36.70 0.551 25.462 0.835 24.905 0.570 0.558 RRab
V125    0 32 55.421 +48 22 29.44 0.621 25.346 0.922 24.776 0.604 0.570 RRab
V126    0 32 55.539 +48 23 33.14 0.684 25.324 0.731 24.765 0.459 0.559 RRab
V127    0 32 55.737 +48 21 08.40 0.569 25.458 0.739 24.915 0.401 0.543 RRab
V128    0 32 55.875 +48 23 26.53 0.605 25.399 0.838 24.833 0.391 0.566 RRab
V129    0 32 55.927 +48 23 38.51 0.471 25.845 0.264 25.480 0.276 0.365 RRc
V130    0 32 56.045 +48 20 56.18 0.542 25.357 0.851 24.824 0.574 0.533 RRab
V131    0 32 56.229 +48 23 46.03 0.596 25.231 1.247 24.695 0.767 0.536 RRab
V132    0 32 56.271 +48 22 44.16 0.523 25.408 0.812 24.858 0.624 0.550 RRab
V133    0 32 56.347 +48 23 28.76 0.545 25.279 1.038 24.762 0.524 0.517 RRab
V134    0 32 56.369 +48 22 46.18 0.434 25.611 1.049 25.152 0.649 0.460 RRab
V135    0 32 56.417 +48 22 37.66 0.600 25.437 0.476 24.857 0.312 0.581 RRab
V136    0 32 56.491 +48 22 04.87 0.530 25.467 0.516 24.922 0.390 0.545 RRab
V137    0 32 56.715 +48 22 25.82 0.343 25.408 0.527 24.929 0.288 0.479 RRc
V138    0 32 56.723 +48 22 07.30 0.377 25.485 0.497 24.957 0.403 0.527 RRc
V139    0 32 57.001 +48 21 25.26 0.340 25.503 0.350 25.014 0.273 0.489 RRc
V140    0 32 57.032 +48 22 23.62 0.703 25.223 0.766 24.647 0.510 0.575 RRab
V141    0 32 57.091 +48 22 35.77 0.565 25.472 0.755 24.885 0.539 0.586 RRab
V142    0 32 57.132 +48 23 41.86 0.713 25.377 0.251 24.739 0.189 0.638 RRab
V143    0 32 57.183 +48 23 32.87 0.266 25.517 0.191 25.086 0.144 0.431 RRc
V144    0 32 57.380 +48 22 17.60 0.559 25.407 1.099 24.856 0.736 0.552 RRab
V145    0 32 57.484 +48 23 02.16 0.344 25.436 0.347 24.941 0.207 0.495 RRc
V146    0 32 57.624 +48 21 07.92 0.591 25.388 0.805 24.866 0.497 0.522 RRab
V147    0 32 57.739 +48 22 11.77 0.194 25.781 0.612 25.323 0.452 0.458 RRc
V148    0 32 57.773 +48 23 19.38 0.469 25.478 1.175 24.988 0.659 0.489 RRab
V149    0 32 57.979 +48 23 05.36 0.573 25.447 0.742 24.868 0.480 0.579 RRab
V150    0 32 58.115 +48 23 25.16 0.535 25.523 0.966 25.001 0.552 0.522 RRab
V151    0 32 58.449 +48 23 52.20 0.653 25.316 0.740 24.722 0.478 0.594 RRab
V152    0 32 58.485 +48 23 13.09 0.278 25.511 0.415 25.074 0.346 0.437 RRc
V153    0 32 58.521 +48 22 07.34 0.607 25.365 0.743 24.818 0.513 0.547 RRab
V154    0 32 58.568 +48 21 31.28 0.600 25.480 0.711 24.925 0.418 0.555 RRab
V155    0 32 58.805 +48 22 25.71 0.468 25.500 1.086 25.012 0.755 0.488 RRab
V156    0 32 59.022 +48 23 22.12 0.584 25.345 0.865 24.779 0.643 0.566 RRab
V157    0 32 59.183 +48 22 34.18 9.999 99.999 9.999 99.999 9.999 9.999 Unclassified
V158    0 32 59.189 +48 22 08.75 0.505 25.508 1.177 24.993 0.835 0.515 RRab
V159    0 32 59.202 +48 23 19.50 0.535 25.341 0.863 24.792 0.621 0.549 RRab
V160    0 32 59.311 +48 22 15.77 0.668 25.402 0.364 24.805 0.162 0.597 RRab
V161    0 32 59.556 +48 22 31.02 0.562 25.449 0.861 24.868 0.526 0.581 RRab
V162    0 33 00.666 +48 23 10.36 0.287 25.496 0.490 25.048 0.316 0.448 RRc
V163    0 33 01.230 +48 23 45.80 0.372 25.500 0.376 24.999 0.343 0.501 RRc
V164    0 33 03.383 +48 17 24.93 0.487 25.496 1.140 24.994 0.755 0.502 RRab
V165    0 33 06.002 +48 17 20.77 0.519 25.429 1.283 24.925 0.787 0.504 RRab
V166    0 33 07.276 +48 18 09.41 0.376 25.330 0.406 24.861 0.277 0.468 RRc
V167    0 33 07.303 +48 17 10.48 0.561 25.480 0.879 24.939 0.623 0.540 RRab
V168    0 33 07.971 +48 18 20.27 0.272 25.526 0.415 25.107 0.227 0.419 RRc
V169    0 33 08.289 +48 16 23.95 0.347 25.512 0.409 25.031 0.266 0.481 RRc
V170    0 33 08.465 +48 16 33.78 0.569 25.465 0.837 24.949 0.541 0.516 RRab
V171    0 33 08.466 +48 18 25.20 0.554 25.557 0.797 24.978 0.594 0.580 RRab
V172    0 33 08.582 +48 18 51.63 0.320 25.361 0.257 24.898 0.212 0.462 RRc
V173    0 33 08.735 +48 16 09.64 0.545 25.454 1.105 24.956 0.687 0.498 RRab
V174    0 33 09.165 +48 16 03.88 0.332 25.486 0.397 25.051 0.312 0.435 RRc
V175    0 33 10.157 +48 17 57.15 0.568 25.539 0.762 24.914 0.497 0.625 RRab
V176    0 33 12.902 +48 19 11.86 0.666 25.295 0.971 24.692 0.512 0.603 RRab
V177    0 33 13.073 +48 17 46.19 0.306 25.527 0.440 25.112 0.309 0.415 RRc
V178    0 33 13.362 +48 18 52.19 0.644 25.292 0.879 24.693 0.526 0.599 RRab
V179    0 33 13.371 +48 18 36.00 0.291 25.490 0.370 25.039 0.262 0.451 RRc
V180    0 33 14.109 +48 16 48.29 0.291 25.458 0.447 25.005 0.208 0.453 RRc
V181    0 33 14.721 +48 17 22.67 0.490 25.550 1.273 25.059 0.706 0.491 RRab
V182    0 33 15.147 +48 18 19.13 0.686 25.328 0.578 24.694 0.482 0.634 RRab
V183    0 33 16.212 +48 18 47.57 0.338 25.551 0.328 25.071 0.287 0.480 RRc
V184    0 33 16.216 +48 17 48.86 0.523 25.560 1.075 25.035 0.744 0.525 RRab
V185    0 33 16.383 +48 18 25.02 0.300 25.444 0.238 25.003 0.195 0.441 RRc
V186    0 33 16.464 +48 17 06.43 0.652 25.497 0.687 24.897 0.342 0.599 RRab
V187    0 33 19.568 +48 17 34.32 0.573 25.502 1.068 24.951 0.579 0.551 RRab
V188    0 33 20.984 +48 17 15.02 0.535 25.502 1.018 25.017 0.758 0.485 RRab
