ACS  00 35 30.7 +36 30 14.2 jcnb12c4q_flc.fits 2014 11 24 05 33 55 F475W  1264
ACS  00 35 30.7 +36 30 14.2 jcnb12c7q_flc.fits 2014 11 24 05 57 56 F814W  1002
ACS  00 35 30.7 +36 30 14.2 jcnb12c9q_flc.fits 2014 11 24 06 56 08 F814W  1086
ACS  00 35 30.7 +36 30 14.2 jcnb12cdq_flc.fits 2014 11 24 07 17 12 F475W  1372
ACS  00 35 30.7 +36 30 14.2 jcnb13cpq_flc.fits 2014 11 24 10 20 31 F475W  1264
ACS  00 35 30.7 +36 30 14.2 jcnb13csq_flc.fits 2014 11 24 10 44 32 F814W  1002
ACS  00 35 30.7 +36 30 14.2 jcnb13cuq_flc.fits 2014 11 24 11 42 53 F814W  1086
ACS  00 35 30.7 +36 30 14.2 jcnb13cyq_flc.fits 2014 11 24 12 03 57 F475W  1372
ACS  00 35 30.7 +36 30 14.2 jcnb14diq_flc.fits 2014 11 24 15 07 06 F475W  1264
ACS  00 35 30.7 +36 30 14.2 jcnb14dlq_flc.fits 2014 11 24 15 31 07 F814W  1002
ACS  00 35 30.7 +36 30 14.2 jcnb14dnq_flc.fits 2014 11 24 16 38 23 F814W  1086
ACS  00 35 30.7 +36 30 14.2 jcnb14drq_flc.fits 2014 11 24 16 59 27 F475W  1372
ACS  00 35 30.7 +36 30 14.2 jcnb15g8q_flc.fits 2014 11 25 05 26 50 F475W  1264
ACS  00 35 30.7 +36 30 14.2 jcnb15gbq_flc.fits 2014 11 25 05 50 51 F814W  1002
ACS  00 35 30.7 +36 30 14.2 jcnb15gdq_flc.fits 2014 11 25 06 49 45 F814W  1086
ACS  00 35 30.7 +36 30 14.2 jcnb15ghq_flc.fits 2014 11 25 07 10 49 F475W  1372
ACS  00 35 30.7 +36 30 14.2 jcnb16ksq_flc.fits 2014 11 26 03 43 56 F475W  1264
ACS  00 35 30.7 +36 30 14.2 jcnb16kvq_flc.fits 2014 11 26 04 07 57 F814W  1002
ACS  00 35 30.7 +36 30 14.2 jcnb16kyq_flc.fits 2014 11 26 05 07 36 F814W  1086
ACS  00 35 30.7 +36 30 14.2 jcnb16l2q_flc.fits 2014 11 26 05 28 40 F475W  1372
ACS  00 35 30.7 +36 30 14.2 jcnb17n1q_flc.fits 2014 11 26 11 41 28 F475W  1264
ACS  00 35 30.7 +36 30 14.2 jcnb17n4q_flc.fits 2014 11 26 12 05 29 F814W  1002
ACS  00 35 30.7 +36 30 14.2 jcnb17nkq_flc.fits 2014 11 26 13 05 22 F814W  1086
ACS  00 35 30.7 +36 30 14.2 jcnb17noq_flc.fits 2014 11 26 13 26 26 F475W  1372
ACS  00 35 30.7 +36 30 14.2 jcnb18q7q_flc.fits 2014 11 27 05 12 30 F475W  1264
ACS  00 35 30.7 +36 30 14.2 jcnb18qaq_flc.fits 2014 11 27 05 36 31 F814W  1002
ACS  00 35 30.7 +36 30 14.2 jcnb18qkq_flc.fits 2014 11 27 06 36 21 F814W  1086
ACS  00 35 30.7 +36 30 14.2 jcnb18qoq_flc.fits 2014 11 27 06 57 25 F475W  1372
ACS  00 35 30.7 +36 30 14.2 jcnb19stq_flc.fits 2014 11 27 09 58 59 F475W  1264
ACS  00 35 30.7 +36 30 14.2 jcnb19swq_flc.fits 2014 11 27 10 23 00 F814W  1002
ACS  00 35 30.7 +36 30 14.2 jcnb19syq_flc.fits 2014 11 27 11 22 58 F814W  1086
ACS  00 35 30.7 +36 30 14.2 jcnb19t2q_flc.fits 2014 11 27 11 44 02 F475W  1372
ACS  00 35 30.7 +36 30 14.2 jcnb20xeq_flc.fits 2014 11 28 03 29 25 F475W  1264
ACS  00 35 30.7 +36 30 14.2 jcnb20xhq_flc.fits 2014 11 28 03 53 26 F814W  1002
ACS  00 35 30.7 +36 30 14.2 jcnb20xnq_flc.fits 2014 11 28 04 53 51 F814W  1086
ACS  00 35 30.7 +36 30 14.2 jcnb20xrq_flc.fits 2014 11 28 05 14 55 F475W  1372
ACS  00 35 30.7 +36 30 14.2 jcnb21z5q_flc.fits 2014 11 28 08 15 54 F475W  1264
ACS  00 35 30.7 +36 30 14.2 jcnb21z8q_flc.fits 2014 11 28 08 39 55 F814W  1002
ACS  00 35 30.7 +36 30 14.2 jcnb21zaq_flc.fits 2014 11 28 09 40 26 F814W  1086
ACS  00 35 30.7 +36 30 14.2 jcnb21zeq_flc.fits 2014 11 28 10 01 30 F475W  1372
ACS  00 35 30.7 +36 30 14.2 jcnb22a2q_flc.fits 2014 11 28 14 27 02 F814W  1086
ACS  00 35 30.7 +36 30 14.2 jcnb22a6q_flc.fits 2014 11 28 14 48 06 F475W  1372
ACS  00 35 30.7 +36 30 14.2 jcnb22zwq_flc.fits 2014 11 28 13 02 23 F475W  1264
ACS  00 35 30.7 +36 30 14.2 jcnb22zzq_flc.fits 2014 11 28 13 26 24 F814W  1002
WFC3 00 35 51.5 +36 25 48.5 icnb12c5q_flc.fits 2014 11 24 05 33 00 F475W  1308
WFC3 00 35 51.5 +36 25 48.5 icnb12c6q_flc.fits 2014 11 24 05 57 16 F814W  1046
WFC3 00 35 51.5 +36 25 48.5 icnb12caq_flc.fits 2014 11 24 06 56 03 F814W  1103
WFC3 00 35 51.5 +36 25 48.5 icnb12ceq_flc.fits 2014 11 24 07 17 00 F475W  1389
WFC3 00 35 51.5 +36 25 48.5 icnb13cqq_flc.fits 2014 11 24 10 19 36 F475W  1308
WFC3 00 35 51.5 +36 25 48.5 icnb13crq_flc.fits 2014 11 24 10 43 52 F814W  1046
WFC3 00 35 51.5 +36 25 48.5 icnb13cvq_flc.fits 2014 11 24 11 42 48 F814W  1103
WFC3 00 35 51.5 +36 25 48.5 icnb13czq_flc.fits 2014 11 24 12 03 45 F475W  1389
WFC3 00 35 51.5 +36 25 48.5 icnb14djq_flc.fits 2014 11 24 15 06 11 F475W  1308
WFC3 00 35 51.5 +36 25 48.5 icnb14dkq_flc.fits 2014 11 24 15 30 27 F814W  1046
WFC3 00 35 51.5 +36 25 48.5 icnb14doq_flc.fits 2014 11 24 16 38 18 F814W  1103
WFC3 00 35 51.5 +36 25 48.5 icnb14dsq_flc.fits 2014 11 24 16 59 15 F475W  1389
WFC3 00 35 51.5 +36 25 48.5 icnb15g9q_flc.fits 2014 11 25 05 25 55 F475W  1308
WFC3 00 35 51.5 +36 25 48.5 icnb15gaq_flc.fits 2014 11 25 05 50 11 F814W  1046
WFC3 00 35 51.5 +36 25 48.5 icnb15geq_flc.fits 2014 11 25 06 49 40 F814W  1103
WFC3 00 35 51.5 +36 25 48.5 icnb15giq_flc.fits 2014 11 25 07 10 37 F475W  1389
WFC3 00 35 51.5 +36 25 48.5 icnb16ktq_flc.fits 2014 11 26 03 43 01 F475W  1308
WFC3 00 35 51.5 +36 25 48.5 icnb16kuq_flc.fits 2014 11 26 04 07 17 F814W  1046
WFC3 00 35 51.5 +36 25 48.5 icnb16kzq_flc.fits 2014 11 26 05 07 31 F814W  1103
WFC3 00 35 51.5 +36 25 48.5 icnb16l3q_flc.fits 2014 11 26 05 28 28 F475W  1389
WFC3 00 35 51.5 +36 25 48.5 icnb17n2q_flc.fits 2014 11 26 11 40 33 F475W  1308
WFC3 00 35 51.5 +36 25 48.5 icnb17n3q_flc.fits 2014 11 26 12 04 49 F814W  1046
WFC3 00 35 51.5 +36 25 48.5 icnb17nlq_flc.fits 2014 11 26 13 05 17 F814W  1103
WFC3 00 35 51.5 +36 25 48.5 icnb17npq_flc.fits 2014 11 26 13 26 14 F475W  1389
WFC3 00 35 51.5 +36 25 48.5 icnb18q8q_flc.fits 2014 11 27 05 11 35 F475W  1308
WFC3 00 35 51.5 +36 25 48.5 icnb18q9q_flc.fits 2014 11 27 05 35 51 F814W  1046
WFC3 00 35 51.5 +36 25 48.5 icnb18qlq_flc.fits 2014 11 27 06 36 16 F814W  1103
WFC3 00 35 51.5 +36 25 48.5 icnb18qpq_flc.fits 2014 11 27 06 57 13 F475W  1389
WFC3 00 35 51.5 +36 25 48.5 icnb19suq_flc.fits 2014 11 27 09 58 04 F475W  1308
WFC3 00 35 51.5 +36 25 48.5 icnb19svq_flc.fits 2014 11 27 10 22 20 F814W  1046
WFC3 00 35 51.5 +36 25 48.5 icnb19szq_flc.fits 2014 11 27 11 22 53 F814W  1103
WFC3 00 35 51.5 +36 25 48.5 icnb19t3q_flc.fits 2014 11 27 11 43 50 F475W  1389
WFC3 00 35 51.5 +36 25 48.5 icnb20xfq_flc.fits 2014 11 28 03 28 30 F475W  1308
WFC3 00 35 51.5 +36 25 48.5 icnb20xgq_flc.fits 2014 11 28 03 52 46 F814W  1046
WFC3 00 35 51.5 +36 25 48.5 icnb20xoq_flc.fits 2014 11 28 04 53 46 F814W  1103
WFC3 00 35 51.5 +36 25 48.5 icnb20xsq_flc.fits 2014 11 28 05 14 43 F475W  1389
WFC3 00 35 51.5 +36 25 48.5 icnb21z6q_flc.fits 2014 11 28 08 14 59 F475W  1308
WFC3 00 35 51.5 +36 25 48.5 icnb21z7q_flc.fits 2014 11 28 08 39 15 F814W  1046
WFC3 00 35 51.5 +36 25 48.5 icnb21zbq_flc.fits 2014 11 28 09 40 21 F814W  1103
WFC3 00 35 51.5 +36 25 48.5 icnb21zfq_flc.fits 2014 11 28 10 01 18 F475W  1389
WFC3 00 35 51.5 +36 25 48.5 icnb22a3q_flc.fits 2014 11 28 14 26 57 F814W  1103
WFC3 00 35 51.5 +36 25 48.5 icnb22a7q_flc.fits 2014 11 28 14 47 54 F475W  1389
WFC3 00 35 51.5 +36 25 48.5 icnb22zxq_flc.fits 2014 11 28 13 01 28 F475W  1308
WFC3 00 35 51.5 +36 25 48.5 icnb22zyq_flc.fits 2014 11 28 13 25 44 F814W  1046
