AndIII   -V001  0 35 22.101 +36 29 14.19 0.400 25.357 0.568 24.585 0.299 25.486 0.644 25.079 0.481 24.570 0.303 RRd     ACS
AndIII   -V002  0 35 22.192 +36 29 30.74 0.645 25.410 0.710 24.493 0.467 25.551 0.781 25.107 0.591 24.490 0.445 RRab    ACS
AndIII   -V003  0 35 22.642 +36 31 02.97 0.655 25.325 0.973 24.477 0.506 25.461 1.071 25.030 0.730 24.464 0.510 RRab    ACS
AndIII   -V004  0 35 22.827 +36 31 49.08 0.626 25.462 0.470 24.587 0.269 25.599 0.518 25.161 0.392 24.573 0.273 RRab    ACS
AndIII   -V005  0 35 23.254 +36 30 04.01 0.399 25.257 0.545 24.510 0.335 25.376 0.595 24.991 0.450 24.492 0.330 RRc     ACS
AndIII   -V006  0 35 23.687 +36 31 51.12 0.627 25.420 0.752 24.562 0.387 25.557 0.814 25.123 0.672 24.548 0.394 RRab    ACS
AndIII   -V007  0 35 23.985 +36 31 11.84 0.706 25.167 0.765 24.290 0.381 25.315 0.819 24.849 0.681 24.275 0.387 RRab    ACS
AndIII   -V008  0 35 24.109 +36 31 14.42 0.653 25.390 0.430 24.465 0.280 25.540 0.439 25.065 0.423 24.452 0.288 RRab    ACS
AndIII   -V009  0 35 24.208 +36 31 05.28 0.375 25.363 0.462 24.611 0.230 25.474 0.523 25.115 0.372 24.594 0.232 RRd     ACS
AndIII   -V010  0 35 24.240 +36 30 03.13 0.606 25.311 0.825 24.476 0.406 25.439 0.906 25.026 0.630 24.466 0.439 RRab    ACS
AndIII   -V011  0 35 24.529 +36 30 22.74 0.607 25.313 0.915 24.484 0.512 25.446 0.976 25.019 0.764 24.469 0.521 RRab    ACS
AndIII   -V012  0 35 25.360 +36 29 24.55 0.601 25.407 0.779 24.489 0.429 25.553 0.862 25.099 0.652 24.474 0.442 RRab    ACS
AndIII   -V013  0 35 25.445 +36 30 56.36 0.650 25.384 0.263 24.496 0.153 25.525 0.284 25.074 0.225 24.473 0.143 RRab    ACS
AndIII   -V014  0 35 25.888 +36 29 46.85 0.646 25.276 0.519 24.372 0.396 25.417 0.568 24.967 0.460 24.370 0.329 RRab    ACS
AndIII   -V015  0 35 26.072 +36 31 35.04 0.661 25.302 0.666 24.436 0.301 25.432 0.742 25.012 0.594 24.425 0.324 RRab    ACS
AndIII   -V016  0 35 26.112 +36 29 53.61 0.614 25.343 0.949 24.510 0.453 25.463 1.073 25.053 0.776 24.504 0.498 RRab    ACS
AndIII   -V017  0 35 26.231 +36 30 26.37 0.406 25.235 0.499 24.481 0.200 25.349 0.557 24.979 0.391 24.465 0.207 RRd     ACS
AndIII   -V018  0 35 26.302 +36 30 44.48 0.413 25.269 0.490 24.497 0.288 25.383 0.528 25.000 0.424 24.479 0.295 RRd     ACS
AndIII   -V019  0 35 26.384 +36 30 24.06 0.328 25.353 0.622 24.718 0.302 25.453 0.646 25.117 0.569 24.700 0.299 RRc     ACS
AndIII   -V020  0 35 26.533 +36 30 51.13 0.406 25.239 0.422 24.483 0.210 25.355 0.471 24.978 0.341 24.465 0.209 RRd     ACS
AndIII   -V021  0 35 26.669 +36 30 09.23 0.281 25.470 0.578 24.781 0.296 25.569 0.639 25.237 0.457 24.755 0.302 RRc     ACS
AndIII   -V022  0 35 26.720 +36 30 22.34 0.365 25.341 0.512 24.617 0.286 25.446 0.558 25.097 0.419 24.599 0.287 RRd     ACS
AndIII   -V023  0 35 26.788 +36 30 42.84 0.639 25.318 0.648 24.446 0.350 25.465 0.727 25.005 0.565 24.433 0.375 RRab    ACS
AndIII   -V024  0 35 26.999 +36 31 50.96 0.745 25.281 0.427 24.414 0.213 25.417 0.477 24.975 0.357 24.397 0.238 RRab    ACS
AndIII   -V025  0 35 27.074 +36 29 01.40 0.634 25.365 0.640 24.467 0.363 25.530 0.681 25.048 0.628 24.454 0.372 RRab    ACS
AndIII   -V026  0 35 27.121 +36 29 39.69 0.641 25.324 0.583 24.422 0.281 25.465 0.651 25.014 0.477 24.409 0.291 RRab    ACS
AndIII   -V027  0 35 27.162 +36 31 07.61 0.602 25.277 1.131 24.484 0.588 25.397 1.225 25.003 0.957 24.470 0.595 RRab    ACS
AndIII   -V028  0 35 27.267 +36 31 38.53 0.618 25.164 1.251 24.458 0.655 25.270 1.368 24.928 0.985 24.436 0.569 RRab    ACS
AndIII   -V029  0 35 27.411 +36 30 50.84 0.650 25.349 0.581 24.450 0.267 25.481 0.620 25.029 0.411 24.436 0.272 RRab    ACS
AndIII   -V030  0 35 27.627 +36 30 20.28 0.630 25.336 0.652 24.446 0.329 25.476 0.721 25.041 0.477 24.428 0.313 RRab    ACS
AndIII   -V031  0 35 27.714 +36 30 54.27 0.596 25.299 0.957 24.477 0.465 25.433 1.078 25.007 0.750 24.463 0.473 RRab    ACS
AndIII   -V032  0 35 27.961 +36 29 29.84 0.605 25.425 0.950 24.547 0.414 25.560 1.050 25.128 0.785 24.534 0.422 RRab    ACS
AndIII   -V033  0 35 28.091 +36 31 54.00 0.360 25.391 0.552 24.718 0.286 25.481 0.592 25.160 0.446 24.701 0.288 RRc     ACS
AndIII   -V034  0 35 28.174 +36 30 22.49 0.388 25.239 0.488 24.527 0.315 25.355 0.545 24.983 0.395 24.509 0.318 RRd     ACS
AndIII   -V035  0 35 28.181 +36 29 23.77 0.589 25.336 0.809 24.433 0.430 25.474 0.900 25.034 0.658 24.420 0.445 RRab    ACS
AndIII   -V036  0 35 28.189 +36 31 52.56 0.604 25.361 0.871 24.519 0.531 25.491 0.956 25.069 0.724 24.506 0.537 RRab    ACS
AndIII   -V037  0 35 28.319 +36 29 13.01 0.658 25.379 0.333 24.477 0.207 25.528 0.389 25.059 0.287 24.462 0.210 RRab    ACS
AndIII   -V038  0 35 28.452 +36 29 14.05 0.615 25.329 0.965 24.507 0.537 25.455 1.063 25.052 0.715 24.491 0.548 RRab    ACS
AndIII   -V039  0 35 28.546 +36 30 27.24 0.533 25.290 1.413 24.583 0.696 25.410 1.495 25.030 1.221 24.569 0.699 RRab    ACS
AndIII   -V040  0 35 28.564 +36 30 37.88 0.651 25.367 0.614 24.459 0.292 25.508 0.674 25.062 0.532 24.446 0.296 RRab    ACS
AndIII   -V041  0 35 28.609 +36 30 41.76 0.625 25.353 0.742 24.487 0.305 25.493 0.833 25.054 0.662 24.470 0.342 RRab    ACS
AndIII   -V042  0 35 28.639 +36 30 01.21 0.601 25.406 0.513 24.544 0.280 25.537 0.572 25.114 0.428 24.530 0.287 RRab    ACS
AndIII   -V043  0 35 28.687 +36 30 32.77 0.352 25.243 0.578 24.590 0.356 25.341 0.621 25.008 0.490 24.563 0.339 RRc     ACS
AndIII   -V044  0 35 28.732 +36 28 46.12 0.576 25.315 0.907 24.484 0.474 25.441 1.010 25.029 0.717 24.471 0.482 RRab    ACS
AndIII   -V045  0 35 28.788 +36 30 57.10 0.595 25.313 0.674 24.466 0.395 25.441 0.736 25.025 0.573 24.453 0.403 RRab    ACS
AndIII   -V046  0 35 28.907 +36 31 27.51 0.640 25.385 0.599 24.523 0.269 25.518 0.672 25.088 0.510 24.512 0.301 RRab    ACS
AndIII   -V047  0 35 29.162 +36 31 37.60 0.599 25.251 1.093 24.460 0.453 25.367 1.232 24.982 0.849 24.437 0.435 RRab    ACS
AndIII   -V048  0 35 29.215 +36 30 41.20 0.365 25.337 0.457 24.689 0.270 25.430 0.493 25.109 0.393 24.671 0.272 RRc     ACS
AndIII   -V049  0 35 29.392 +36 29 27.96 0.615 25.410 0.865 24.497 0.526 25.552 0.966 25.100 0.731 24.483 0.543 RRab    ACS
AndIII   -V050  0 35 29.575 +36 31 17.28 0.627 25.264 0.624 24.408 0.395 25.400 0.678 24.967 0.628 24.396 0.398 RRab    ACS
AndIII   -V051  0 35 29.630 +36 30 59.98 0.653 25.329 0.652 24.448 0.282 25.486 0.698 24.993 0.487 24.423 0.277 RRab    ACS
AndIII   -V052  0 35 29.848 +36 29 04.49 0.432 25.060 0.551 24.300 0.180 25.173 0.619 24.798 0.418 24.284 0.182 RRc     ACS
AndIII   -V053  0 35 29.861 +36 29 42.17 0.645 25.337 0.947 24.449 0.542 25.488 1.028 25.019 0.721 24.437 0.565 RRab    ACS
AndIII   -V054  0 35 29.916 +36 29 24.37 0.593 25.356 1.056 24.500 0.421 25.490 1.182 25.062 0.833 24.488 0.433 RRab    ACS
AndIII   -V055  0 35 29.922 +36 29 41.65 0.683 25.370 0.695 24.440 0.353 25.521 0.757 25.045 0.593 24.429 0.367 RRab    ACS
AndIII   -V056  0 35 29.937 +36 29 41.08 0.638 25.407 0.642 24.466 0.320 25.562 0.725 25.083 0.548 24.455 0.336 RRab    ACS
AndIII   -V057  0 35 30.171 +36 30 12.02 0.324 25.297 0.638 24.678 0.337 25.375 0.709 25.091 0.518 24.664 0.335 RRc     ACS
AndIII   -V058  0 35 30.219 +36 30 06.51 0.387 25.444 0.203 24.544 0.097 25.598 0.194 25.122 0.203 24.533 0.113 RRd     ACS
AndIII   -V059  0 35 30.411 +36 30 19.90 0.601 25.326 0.930 24.495 0.561 25.450 0.998 25.034 0.768 24.474 0.552 RRab    ACS
AndIII   -V060  0 35 30.733 +36 29 10.46 0.411 25.566 0.554 24.813 0.294 25.680 0.613 25.309 0.477 24.799 0.305 RRd     ACS
AndIII   -V061  0 35 30.820 +36 28 58.91 0.361 25.094 0.685 24.495 0.411 25.178 0.742 24.888 0.563 24.478 0.409 RRc     ACS
AndIII   -V062  0 35 31.081 +36 30 40.11 0.708 25.188 0.502 24.324 0.210 25.323 0.558 24.896 0.383 24.312 0.222 RRab    ACS
AndIII   -V063  0 35 31.177 +36 29 03.53 0.604 25.320 0.716 24.508 0.401 25.441 0.806 25.048 0.641 24.496 0.408 RRd     ACS
AndIII   -V064  0 35 31.287 +36 29 19.23 0.305 25.270 0.387 24.723 0.187 25.351 0.434 25.076 0.289 24.707 0.188 RRc     ACS
AndIII   -V065  0 35 31.552 +36 30 24.66 0.559 25.407 1.138 24.570 0.563 25.529 1.263 25.124 0.846 24.558 0.571 RRab    ACS
AndIII   -V066  0 35 31.690 +36 29 30.73 0.652 25.341 0.293 24.468 0.129 25.480 0.370 25.043 0.261 24.455 0.146 RRab    ACS
AndIII   -V067  0 35 31.755 +36 30 41.17 0.632 25.329 0.745 24.469 0.293 25.464 0.825 25.036 0.618 24.445 0.315 RRab    ACS
AndIII   -V068  0 35 31.889 +36 31 17.08 0.411 25.216 0.485 24.442 0.264 25.329 0.530 24.952 0.401 24.425 0.264 RRd     ACS
AndIII   -V069  0 35 32.081 +36 30 27.38 0.591 25.264 0.880 24.448 0.646 25.380 0.979 24.999 0.701 24.433 0.651 RRab    ACS
AndIII   -V070  0 35 32.171 +36 31 32.73 0.570 25.306 0.809 24.491 0.295 25.424 0.906 25.044 0.626 24.481 0.343 RRab    ACS
AndIII   -V071  0 35 32.179 +36 30 58.06 0.603 25.297 0.775 24.475 0.453 25.421 0.831 25.020 0.615 24.461 0.433 RRab    ACS
AndIII   -V072  0 35 32.279 +36 30 14.81 0.304 25.158 0.465 24.611 0.274 25.246 0.503 24.942 0.440 24.594 0.270 RRc     ACS
AndIII   -V073  0 35 32.397 +36 30 41.81 1.003 23.788 1.519 23.144 0.889 23.882 1.627 23.573 1.294 23.150 0.915 AC      ACS
AndIII   -V074  0 35 32.527 +36 30 04.47 0.592 25.298 0.973 24.448 0.587 25.425 1.060 25.011 0.832 24.432 0.604 RRab    ACS
AndIII   -V075  0 35 32.633 +36 29 04.52 0.428 24.259 0.941 23.694 0.527 24.336 1.006 24.083 0.757 23.670 0.687 AC      ACS
AndIII   -V076  0 35 32.763 +36 30 38.40 0.655 25.354 0.376 24.437 0.142 25.498 0.434 25.043 0.276 24.426 0.151 RRab    ACS
AndIII   -V077  0 35 32.791 +36 29 57.71 0.670 25.298 0.725 24.415 0.371 25.437 0.811 24.992 0.660 24.401 0.382 RRab    ACS
AndIII   -V078  0 35 32.854 +36 29 42.16 0.601 25.302 1.075 24.482 0.585 25.423 1.184 25.025 0.916 24.467 0.595 RRab    ACS
AndIII   -V079  0 35 32.953 +36 29 58.60 0.619 25.354 0.864 24.503 0.501 25.495 0.991 25.049 0.673 24.482 0.456 RRab    ACS
AndIII   -V080  0 35 32.974 +36 29 42.26 0.618 25.300 1.044 24.550 0.340 25.423 1.179 25.028 0.758 24.504 0.347 RRab    ACS
AndIII   -V081  0 35 32.996 +36 29 58.56 0.304 25.110 0.233 24.564 0.195 25.185 0.239 24.922 0.228 24.544 0.202 RRc     ACS
AndIII   -V082  0 35 33.180 +36 29 33.41 0.647 25.447 0.458 24.534 0.276 25.593 0.491 25.130 0.405 24.519 0.320 RRab    ACS
AndIII   -V083  0 35 33.291 +36 28 39.93 0.565 25.334 0.611 24.545 0.260 25.448 0.688 25.071 0.501 24.529 0.258 RRab    ACS
AndIII   -V084  0 35 33.352 +36 31 18.75 0.667 25.321 0.532 24.406 0.260 25.463 0.591 25.010 0.447 24.395 0.282 RRab    ACS
AndIII   -V085  0 35 33.358 +36 29 54.76 0.622 25.334 0.836 24.486 0.373 25.469 0.934 25.039 0.671 24.473 0.382 RRab    ACS
AndIII   -V086  0 35 33.390 +36 30 36.07 0.356 25.256 0.606 24.611 0.401 25.348 0.653 25.033 0.512 24.593 0.401 RRc     ACS
AndIII   -V087  0 35 33.446 +36 29 27.50 0.604 25.342 0.951 24.513 0.436 25.468 1.057 25.061 0.724 24.501 0.445 RRab    ACS
AndIII   -V088  0 35 33.564 +36 30 58.96 0.629 25.321 0.625 24.454 0.299 25.455 0.693 25.025 0.506 24.447 0.346 RRab    ACS
AndIII   -V089  0 35 33.602 +36 30 04.18 0.598 25.257 0.845 24.439 0.440 25.383 0.920 24.972 0.719 24.424 0.448 RRab    ACS
AndIII   -V090  0 35 33.746 +36 31 01.70 0.644 25.304 0.602 24.404 0.269 25.446 0.666 24.991 0.448 24.387 0.274 RRab    ACS
AndIII   -V091  0 35 33.873 +36 29 02.77 0.600 25.308 1.000 24.507 0.548 25.424 1.079 25.035 0.867 24.492 0.548 RRab    ACS
AndIII   -V092  0 35 34.310 +36 29 16.58 0.584 25.358 0.885 24.570 0.502 25.484 1.029 25.082 0.690 24.554 0.510 RRab    ACS
AndIII   -V093  0 35 34.329 +36 30 56.00 0.620 25.348 0.683 24.471 0.322 25.480 0.761 25.047 0.559 24.457 0.363 RRab    ACS
AndIII   -V094  0 35 34.365 +36 28 51.09 0.655 25.335 0.494 24.443 0.310 25.475 0.539 25.016 0.421 24.425 0.309 RRab    ACS
AndIII   -V095  0 35 34.845 +36 28 52.12 1.171 23.425 1.722 22.883 0.786 23.523 1.835 23.210 1.464 22.868 0.776 AC      ACS
AndIII   -V096  0 35 34.951 +36 29 43.40 0.616 25.339 0.566 24.471 0.335 25.477 0.620 25.032 0.479 24.456 0.338 RRab    ACS
AndIII   -V097  0 35 35.100 +36 29 00.47 0.643 25.298 0.523 24.443 0.308 25.426 0.590 25.009 0.423 24.425 0.305 RRab    ACS
AndIII   -V098  0 35 35.107 +36 30 24.49 0.615 25.304 1.121 24.458 0.472 25.431 1.237 25.017 0.915 24.445 0.483 RRab    ACS
AndIII   -V099  0 35 35.764 +36 29 55.80 0.640 25.379 0.415 24.491 0.233 25.520 0.457 25.073 0.363 24.477 0.237 RRab    ACS
AndIII   -V100  0 35 35.908 +36 29 28.10 0.645 24.936 0.873 24.164 0.477 25.050 0.957 24.676 0.709 24.150 0.483 RRab    ACS
AndIII   -V101  0 35 36.033 +36 29 24.87 0.605 25.368 0.284 24.516 0.186 25.495 0.383 25.071 0.287 24.491 0.234 RRab    ACS
AndIII   -V102  0 35 36.092 +36 30 21.34 0.606 25.357 0.501 24.510 0.278 25.488 0.554 25.063 0.409 24.495 0.281 RRab    ACS
AndIII   -V103  0 35 36.131 +36 30 31.69 0.529 25.617 1.142 24.916 0.806 25.704 1.249 25.379 0.959 24.910 0.773 M31-RRL ACS
AndIII   -V104  0 35 36.280 +36 28 50.58 0.597 25.348 1.050 24.528 0.454 25.477 1.162 25.057 0.860 24.510 0.465 RRab    ACS
AndIII   -V105  0 35 36.307 +36 29 29.96 0.818 23.406 0.709 22.872 0.381 23.478 0.766 23.225 0.592 22.856 0.374 AC      ACS
AndIII   -V106  0 35 36.701 +36 29 09.43 0.633 25.368 0.412 24.492 0.188 25.503 0.460 25.073 0.367 24.480 0.227 RRab    ACS
AndIII   -V107  0 35 36.814 +36 30 50.06 0.628 25.369 0.701 24.512 0.312 25.508 0.769 25.065 0.614 24.471 0.347 RRab    ACS
AndIII   -V108  0 35 36.942 +36 28 38.51 0.593 25.373 0.872 24.570 0.369 25.495 0.961 25.097 0.712 24.555 0.377 RRab    ACS
AndIII   -V109  0 35 37.490 +36 29 20.34 0.628 25.336 0.889 24.514 0.491 25.460 0.967 25.053 0.710 24.499 0.497 RRab    ACS
AndIII   -V110  0 35 37.663 +36 29 06.48 0.601 25.314 0.668 24.505 0.307 25.435 0.740 25.040 0.535 24.490 0.313 RRab    ACS
AndIII   -V111  0 35 37.880 +36 28 44.61 0.593 25.441 0.733 24.601 0.283 25.570 0.817 25.153 0.522 24.586 0.288 RRab    ACS
AndIII   -V112  0 35 37.907 +36 29 41.44 0.619 25.428 0.691 24.550 0.369 25.563 0.778 25.134 0.600 24.536 0.382 RRab    ACS
AndIII   -V113  0 35 37.914 +36 29 38.67 0.407 25.262 0.529 24.520 0.277 25.385 0.654 25.020 0.506 24.510 0.328 RRd     ACS
AndIII   -V114  0 35 47.329 +36 26 39.27 0.597 25.379 0.574 24.498 0.275 25.510 0.624 25.077 0.443 24.484 0.287 RRab    WFC3
AndIII   -V115  0 35 53.668 +36 26 05.45 0.383 25.662 0.522 25.016 0.278 25.755 0.577 25.448 0.404 25.001 0.275 RRc     WFC3
AndIII   -V116  0 36 00.093 +36 25 58.77 0.302 25.320 0.675 24.892 0.380 25.375 0.723 25.188 0.570 24.883 0.366 RRc     WFC3
