RRab WFC1 31519 0 26 27.47 -41 51 54.93 27.086 0.548 0.5200 0.8116    
RRab WFC1 31435 0 26 28.37 -41 51 54.95 26.934 0.438 0.6760 1.0592
RRab WFC1 26874 0 26 28.56 -41 52 12.85 26.759 0.394 0.6471 0.9721
RRab WFC1 29750 0 26 29.03 -41 52 24.77 27.011 0.657 0.4951 1.0102
RRab WFC1 32272 0 26 29.42 -41 50 51.19 27.193 0.633 0.5932 1.0251
RRab WFC1 29794 0 26 29.44 -41 51 31.48 26.955 0.385 0.5592 1.0244
RRab WFC1 32803 0 26 29.67 -41 50 53.47 27.134 0.662 0.5805 0.3950
RRab WFC1 28387 0 26 29.88 -41 51 48.57 26.988 0.483 0.5940 0.9671
RRab WFC1 31099 0 26 29.95 -41 52 02.18 26.902 0.442 0.6069 0.8495
RRab WFC1 29715 0 26 29.96 -41 52 37.54 27.113 0.463 0.5000 1.1702
RRab WFC1 28543 0 26 29.97 -41 52 20.70 26.875 0.670 0.6143 1.1523
RRab WFC1 27932 0 26 30.03 -41 52 41.55 27.008 0.672 0.7501 0.8059
RRab WFC1 29605 0 26 30.05 -41 51 10.75 27.028 0.651 0.6392 0.7447 bl
RRab WFC1 28176 0 26 30.10 -41 51 47.43 26.937 0.419 0.5592 0.8908
RRab WFC1 33783 0 26 30.14 -41 51 52.99 27.244 0.641 0.5543 0.8361
RRab WFC1 32100 0 26 30.49 -41 52 15.75 27.024 0.575 0.6100 1.4747
RRab WFC1 30719 0 26 30.54 -41 52 17.87 27.013 0.479 0.6147 1.0828
RRab WFC1 29923 0 26 30.58 -41 52 03.93 27.002 0.627 0.6576 0.8799
RRab WFC1 29069 0 26 30.60 -41 52 03.88 26.859 0.513 0.7588 0.7091
RRab WFC1 29254 0 26 30.98 -41 51 26.79 27.020 0.595 0.6400 0.8051 bl
RRab WFC1 29706 0 26 30.98 -41 52 06.19 26.958 0.472 0.5887 0.7978
RRab WFC1 29988 0 26 31.01 -41 51 53.10 26.845 0.434 0.6896 0.5318
RRab WFC1 29522 0 26 31.04 -41 52 43.02 26.957 0.500 0.6117 0.7744
RRab WFC1 31370 0 26 31.12 -41 51 09.55 27.084 0.709 0.6239 0.8572 bl
RRab WFC1 29933 0 26 31.16 -41 52 24.03 27.005 0.470 0.5574 0.8780
RRab WFC1 28889 0 26 31.16 -41 52 03.22 26.976 0.519 0.5500 0.9688 bl
RRab WFC1 27721 0 26 31.20 -41 52 07.89 26.884 0.629 0.6724 0.6051
RRab WFC1 29327 0 26 31.21 -41 52 02.26 26.899 0.420 0.6432 1.0693 bl
RRab WFC1 27316 0 26 31.24 -41 50 55.13 26.934 0.541 0.5855 1.1089
RRab WFC1 29299 0 26 31.33 -41 52 29.55 27.068 0.505 0.5452 1.1099
RRab WFC1 29151 0 26 31.37 -41 51 44.24 26.841 0.347 0.5800 0.6862
RRab WFC1 31497 0 26 31.39 -41 50 54.87 26.940 0.306 0.5302 0.8519
RRab WFC1 31152 0 26 31.42 -41 51 40.49 26.979 0.364 0.5200 0.9656
RRab WFC1 27185 0 26 31.43 -41 51 37.72 26.819 0.568 0.6570 0.9059
RRab WFC1 27547 0 26 31.48 -41 51 31.29 26.764 0.616 0.5299 0.5489
RRab WFC1 30590 0 26 31.49 -41 52 22.30 27.086 0.515 0.5515 0.8178
RRab WFC1 27552 0 26 31.52 -41 51 42.72 26.963 0.349 0.5272 1.4985 bl
RRab WFC1 26846 0 26 31.55 -41 51 34.37 26.753 0.533 0.6968 0.7228 bl
RRab WFC1 28985 0 26 31.57 -41 52 23.09 26.986 0.492 0.6137 0.9544
RRab WFC1 29973 0 26 31.58 -41 50 56.42 27.027 0.484 0.5674 1.0079
RRab WFC1 31112 0 26 31.58 -41 52 56.31 27.170 0.711 0.6086 0.7568
RRab WFC1 27457 0 26 31.59 -41 51 28.87 26.838 0.584 0.6000 0.6030 bl
RRab WFC1 27672 0 26 31.65 -41 50 57.32 26.823 0.469 0.6360 0.8887 bl
RRab WFC1 31840 0 26 31.67 -41 52 38.84 26.808 0.352 0.6196 1.5000
RRab WFC1 27897 0 26 31.69 -41 52 02.84 26.860 0.422 0.5300 1.0280
RRab WFC1 32530 0 26 31.69 -41 52 07.30 27.023 0.499 0.5374 1.0663
RRab WFC1 28959 0 26 31.69 -41 52 14.63 26.949 0.636 0.6833 0.5774
RRab WFC1 33193 0 26 31.74 -41 51 21.95 27.141 0.548 0.6000 0.8081 bl
RRab WFC1 32069 0 26 31.77 -41 51 59.51 27.065 0.470 0.5260 0.7199
RRab WFC1 30400 0 26 31.78 -41 51 28.27 27.066 0.455 0.5451 1.1622 bl
RRab WFC1 31546 0 26 31.86 -41 51 22.35 26.978 0.432 0.5329 0.7698 bl
RRab WFC1 27022 0 26 31.92 -41 51 15.29 26.908 0.629 0.5339 1.1244 bl
RRab WFC1 33473 0 26 31.93 -41 52 37.91 27.124 0.458 0.5593 0.7048
RRab WFC1 31631 0 26 31.97 -41 51 26.02 27.049 0.537 0.5373 0.8075 bl
RRab WFC1 29678 0 26 31.98 -41 52 03.03 26.930 0.508 0.7617 0.4846
RRab WFC1 27456 0 26 32.14 -41 51 22.91 26.724 0.473 0.6000 1.4595 bl
RRab WFC1 27861 0 26 32.18 -41 51 21.27 26.893 0.673 0.6144 0.6471 bl
RRab WFC1 32449 0 26 32.18 -41 52 03.22 26.980 0.402 0.6352 0.8717
RRab WFC1 31508 0 26 32.18 -41 51 28.77 26.929 0.459 0.6357 0.7248 bl
RRab WFC1 28573 0 26 32.25 -41 51 13.07 26.833 0.531 0.6519 0.7588 bl
RRab WFC1 33553 0 26 32.28 -41 51 57.48 27.132 0.504 0.5373 0.8958
RRab WFC1 32783 0 26 32.35 -41 51 34.27 27.141 0.462 0.5439 0.8650 bl
RRab WFC1 28851 0 26 32.38 -41 51 26.07 26.975 0.581 0.5220 1.0694 bl
RRab WFC1 30341 0 26 32.39 -41 52 27.50 27.134 0.484 0.5624 0.9896
RRab WFC1 25768 0 26 32.42 -41 52 07.51 26.802 0.273 0.5800 1.0887
RRab WFC1 33790 0 26 32.47 -41 52 16.39 26.977 0.354 0.5500 0.9800
RRab WFC1 32736 0 26 32.49 -41 51 31.28 27.099 0.447 0.5665 0.8523 bl
RRab WFC1 31045 0 26 32.53 -41 52 13.42 26.946 0.319 0.5231 0.7406
RRab WFC1 28249 0 26 32.55 -41 52 19.76 26.926 0.374 0.5042 1.2294 bl
RRab WFC1 28977 0 26 32.58 -41 52 18.95 26.885 0.468 0.6904 0.4551
RRab WFC1 31982 0 26 32.58 -41 51 59.55 26.899 0.339 0.4918 1.1231 bl
RRab WFC1 31271 0 26 32.58 -41 52 56.78 27.030 0.397 0.5804 0.6489
RRab WFC1 31658 0 26 32.60 -41 51 52.44 26.936 0.310 0.5200 1.0302
RRab WFC1 28073 0 26 32.63 -41 52 25.22 26.946 0.448 0.5650 0.8441
RRab WFC1 31567 0 26 32.67 -41 52 59.91 27.148 0.471 0.5352 1.3700
RRab WFC1 27501 0 26 32.74 -41 51 54.61 26.837 0.410 0.5465 1.1298
RRab WFC1 29922 0 26 32.76 -41 51 50.37 26.911 0.402 0.5951 0.7198
RRab WFC1 32818 0 26 32.76 -41 52 26.02 27.048 0.365 0.5840 0.9018
RRab WFC1 29582 0 26 32.77 -41 51 04.16 27.008 0.508 0.5771 0.7882 bl
RRab WFC1 29348 0 26 32.78 -41 51 26.76 26.916 0.481 0.5300 1.0291 bl
RRab WFC1 31144 0 26 32.81 -41 51 46.43 26.943 0.472 0.6539 0.8995 bl
RRab WFC1 31806 0 26 32.83 -41 52 30.70 27.019 0.434 0.5359 0.7381
RRab WFC1 28854 0 26 32.85 -41 51 31.69 26.793 0.411 0.6167 0.7381 bl
RRab WFC1 34033 0 26 32.91 -41 51 47.43 27.182 0.472 0.6137 0.7679 bl
RRab WFC1 26370 0 26 32.93 -41 52 29.38 26.814 0.554 0.7361 0.5653
RRab WFC1 29881 0 26 32.94 -41 52 05.14 26.874 0.493 0.7140 0.8265
RRab WFC1 32647 0 26 32.96 -41 51 37.17 27.095 0.649 0.4607 0.4596 bl
RRab WFC1 26917 0 26 32.99 -41 51 48.14 26.702 0.381 0.6590 0.8685 bl
RRab WFC1 33564 0 26 33.00 -41 51 54.83 26.955 0.365 0.5942 1.4904
RRab WFC1 25626 0 26 33.01 -41 51 46.92 26.705 0.497 0.6370 0.6896 bl
RRab WFC1 27628 0 26 33.09 -41 51 49.87 26.728 0.326 0.5495 0.5891 bl
RRab WFC1 30916 0 26 33.09 -41 51 40.11 27.019 0.615 0.6290 0.6931 bl
RRab WFC1 30668 0 26 33.09 -41 52 47.10 27.014 0.591 0.6712 0.7512
RRab WFC1 32533 0 26 33.14 -41 51 53.53 27.051 0.555 0.6081 0.8865 bl
RRab WFC1 32765 0 26 33.24 -41 52 00.78 26.935 0.481 0.5440 1.4518
RRab WFC1 30795 0 26 33.25 -41 52 31.39 27.031 0.402 0.5264 1.2399
RRab WFC1 29032 0 26 33.29 -41 52 35.25 26.883 0.353 0.6133 0.8574
RRab WFC1 31156 0 26 33.33 -41 52 59.39 26.996 0.569 0.6236 0.9733
RRab WFC1 29556 0 26 33.37 -41 52 32.14 27.055 0.487 0.5432 1.0305
RRab WFC1 27960 0 26 33.37 -41 51 44.53 26.885 0.478 0.5569 0.6447 bl
RRab WFC1 31983 0 26 33.48 -41 52 32.83 27.020 0.307 0.4878 1.0461
RRab WFC1 34234 0 26 33.56 -41 52 04.50 27.167 0.434 0.4829 0.8201
RRab WFC1 32613 0 26 33.57 -41 51 40.96 27.046 0.438 0.6834 0.7624 bl
RRab WFC1 31401 0 26 33.59 -41 52 53.37 26.931 0.360 0.5699 1.0275
RRab WFC1 31490 0 26 33.63 -41 52 46.99 26.989 0.462 0.6265 0.8746
RRab WFC1 30461 0 26 33.64 -41 52 24.31 26.916 0.343 0.6053 0.6485
RRab WFC1 33299 0 26 33.72 -41 51 59.88 27.149 0.532 0.6152 0.9218
RRab WFC1 28459 0 26 33.72 -41 51 31.26 26.944 0.440 0.5454 0.9745 bl
RRab WFC1 28788 0 26 33.75 -41 52 11.27 26.809 0.309 0.6427 0.9444
RRab WFC1 27238 0 26 33.79 -41 51 57.41 26.930 0.515 0.4826 1.2385 bl
RRab WFC1 29278 0 26 33.81 -41 51 40.62 26.914 0.387 0.5498 0.7737 bl
RRab WFC1 28574 0 26 33.82 -41 51 14.15 26.873 0.574 0.6082 0.8287 bl
RRab WFC1 26987 0 26 33.83 -41 51 16.73 27.018 0.514 0.5824 1.5000 bl
RRab WFC1 27313 0 26 33.85 -41 51 44.93 26.691 0.503 0.7649 0.5232 bl
RRab WFC1 29096 0 26 33.89 -41 52 18.05 26.907 0.445 0.5377 0.9189 bl
RRab WFC1 28216 0 26 33.93 -41 51 48.55 26.929 0.260 0.5399 1.3630 bl
RRab WFC1 31109 0 26 33.95 -41 52 13.36 27.062 0.691 0.6175 0.6207
RRab WFC1 28821 0 26 33.97 -41 51 27.39 26.962 0.668 0.6237 1.3213 bl
RRab WFC1 33309 0 26 34.01 -41 51 14.35 27.206 0.520 0.5438 1.0076 bl
RRab WFC1 27995 0 26 34.11 -41 51 13.88 26.870 0.606 0.6235 0.7603 bl
RRab WFC1 29413 0 26 34.11 -41 51 59.27 26.862 0.354 0.5727 0.9312 bl
RRab WFC1 29337 0 26 34.13 -41 51 57.15 26.857 0.486 0.4602 0.5436
RRab WFC1 29219 0 26 34.14 -41 51 54.47 26.883 0.338 0.5548 0.9578
RRab WFC1 32437 0 26 34.21 -41 52 07.49 27.060 0.670 0.5882 1.0144
RRab WFC1 30417 0 26 34.31 -41 51 41.17 26.910 0.394 0.6310 0.7247 bl
RRab WFC1 32145 0 26 34.34 -41 51 39.20 27.063 0.466 0.5553 0.8099
RRab WFC1 30824 0 26 34.36 -41 51 43.49 26.902 0.465 0.6943 1.4853 bl
RRab WFC1 33805 0 26 34.39 -41 52 22.42 27.137 0.568 0.5545 0.9635
RRab WFC1 32459 0 26 34.39 -41 51 47.39 27.154 0.473 0.5107 1.2752 bl
RRab WFC1 32421 0 26 34.40 -41 51 41.00 26.963 0.405 0.6464 0.9813 bl
RRab WFC1 26132 0 26 34.42 -41 51 52.99 26.769 0.290 0.5514 1.0620
RRab WFC1 30643 0 26 34.45 -41 52 17.30 27.037 0.396 0.5690 1.1293 bl
RRab WFC1 27616 0 26 34.48 -41 51 30.33 27.090 0.644 0.5800 1.4980 bl
RRab WFC1 29092 0 26 34.53 -41 52 23.57 26.880 0.403 0.5516 0.7005
RRab WFC1 29118 0 26 34.59 -41 51 19.78 26.884 0.490 0.6181 0.8317 bl
RRab WFC1 31719 0 26 34.59 -41 52 45.56 27.085 0.531 0.5642 0.6379
RRab WFC1 28798 0 26 34.60 -41 51 45.68 26.710 0.350 0.6783 0.8107
RRab WFC1 31558 0 26 35.03 -41 51 35.99 27.021 0.546 0.5623 1.2167
RRab WFC1 27092 0 26 34.72 -41 52 06.53 26.713 0.252 0.6166 0.7961
RRab WFC1 30114 0 26 34.76 -41 52 05.91 26.965 0.639 0.7051 0.5868
RRab WFC1 27996 0 26 34.80 -41 51 40.99 26.896 0.503 0.5574 0.8485
RRab WFC1 32140 0 26 35.01 -41 52 02.82 26.925 0.316 0.6874 0.5377
RRab WFC1 30463 0 26 35.04 -41 52 46.26 27.006 0.578 0.6477 0.6420
RRab WFC1 30666 0 26 35.10 -41 51 45.88 26.929 0.322 0.5695 0.6523
RRab WFC1 28184 0 26 35.13 -41 51 38.08 26.803 0.448 0.6462 1.0324
RRab WFC1 29223 0 26 35.30 -41 52 45.88 26.933 0.401 0.6068 0.9011
RRab WFC1 29671 0 26 35.33 -41 51 29.70 26.888 0.475 0.7000 0.9704
RRab WFC1 32137 0 26 35.39 -41 52 08.71 27.132 0.443 0.5182 1.4098
RRab WFC1 31431 0 26 35.48 -41 51 37.47 27.175 0.628 0.5668 1.1968
RRab WFC1 29420 0 26 35.54 -41 52 16.97 26.883 0.534 0.6715 0.7143
RRab WFC1 28752 0 26 35.89 -41 51 38.90 26.931 0.572 0.6918 0.9537
RRab WFC1 31089 0 26 36.16 -41 51 43.29 27.021 0.507 0.5673 1.0201
RRab WFC1 31048 0 26 36.28 -41 51 44.38 26.954 0.401 0.5031 1.1369
RRab WFC1 28610 0 26 36.57 -41 51 55.90 26.869 0.494 0.6820 0.8608
RRab WFC1 30948 0 26 37.08 -41 52 28.27 26.956 0.335 0.5249 0.9318
RRab WFC1 29575 0 26 37.49 -41 52 12.22 26.968 0.354 0.5044 1.2101
RRc  WFC1 32536 0 26 27.76 -41 52 09.32 26.940 0.265 0.3004 0.6436
RRc  WFC1 28014 0 26 28.65 -41 51 03.54 26.792 0.546 0.3060 0.4139
RRc  WFC1 29510 0 26 31.46 -41 51 35.01 26.812 0.318 0.3914 0.5809
RRc  WFC1 32861 0 26 31.94 -41 52 58.44 27.044 0.451 0.3699 0.4827
RRc  WFC1 27866 0 26 33.32 -41 51 34.42 26.729 0.434 0.3183 0.7197 bl
RRc  WFC1 31633 0 26 33.36 -41 51 25.32 26.995 0.507 0.2292 0.3300 bl
RRc  WFC1 28034 0 26 33.43 -41 51 07.26 26.824 0.564 0.2578 0.4573 bl
RRc  WFC1 33767 0 26 34.46 -41 52 12.16 27.096 0.607 0.3488 0.6593 bl
RRc  WFC1 31629 0 26 35.44 -41 52 00.50 26.720 0.171 0.2400 0.6308
RRc  WFC1 27575 0 26 36.09 -41 51 51.95 26.733 0.441 0.4020 0.7683 bl
RRab WFC2 23778 0 26 28.85 -41 49 57.87 26.870 0.600 0.6373 0.4490
RRab WFC2 23713 0 26 30.13 -41 50 17.34 26.823 0.484 0.5887 0.6919
RRab WFC2 25347 0 26 31.04 -41 50 02.74 27.107 0.685 0.6058 1.0376
RRab WFC2 24215 0 26 31.34 -41 49 55.30 26.926 0.666 0.6529 0.7934
RRab WFC2 24335 0 26 31.93 -41 50 41.47 27.007 0.429 0.5483 1.0382 bl
RRab WFC2 22196 0 26 32.00 -41 50 00.76 26.717 0.438 0.7000 0.5149
RRab WFC2 23564 0 26 32.02 -41 50 35.47 26.919 0.529 0.5588 0.8605 bl
RRab WFC2 23173 0 26 32.05 -41 50 04.57 26.863 0.389 0.5336 0.7459
RRab WFC2 22259 0 26 32.09 -41 49 55.13 26.905 0.536 0.6054 1.1580
RRab WFC2 24976 0 26 32.29 -41 50 27.48 26.985 0.498 0.5647 0.9904
RRab WFC2 22979 0 26 32.48 -41 50 33.41 26.844 0.380 0.5865 0.8358
RRab WFC2 24221 0 26 32.53 -41 50 07.85 26.908 0.540 0.6670 0.8737
RRab WFC2 24811 0 26 32.85 -41 50 34.47 26.923 0.526 0.6756 0.6448
RRab WFC2 25312 0 26 32.88 -41 50 08.08 26.933 0.459 0.6134 0.9967
RRab WFC2 25163 0 26 32.98 -41 50 49.42 26.974 0.468 0.5215 0.5429 bl
RRab WFC2 22971 0 26 33.13 -41 50 07.18 26.917 0.497 0.6000 0.8498
RRab WFC2 22995 0 26 33.24 -41 50 52.88 26.937 0.512 0.5586 1.1746 bl
RRab WFC2 24014 0 26 33.35 -41 49 41.95 26.870 0.472 0.6226 0.7031
RRab WFC2 23800 0 26 33.41 -41 50 37.58 26.903 0.459 0.5482 0.7311
RRab WFC2 24124 0 26 33.69 -41 49 36.73 26.993 0.392 0.5215 1.1002
RRab WFC2 25920 0 26 33.82 -41 49 14.24 27.135 0.562 0.6017 0.8950
RRab WFC2 22060 0 26 33.94 -41 50 49.09 26.767 0.422 0.5200 0.8849 bl
RRab WFC2 23025 0 26 33.94 -41 50 57.99 26.834 0.556 0.5765 0.8630 bl
RRab WFC2 23721 0 26 33.98 -41 51 05.46 26.856 0.542 0.5261 0.6823 bl
RRab WFC2 24539 0 26 34.01 -41 50 45.71 26.908 0.539 0.5768 0.4533
RRab WFC2 23046 0 26 34.03 -41 50 11.20 26.828 0.376 0.5915 0.8416
RRab WFC2 24699 0 26 34.12 -41 49 32.82 26.994 0.315 0.4528 0.9737
RRab WFC2 24674 0 26 34.16 -41 50 43.90 26.977 0.518 0.6440 0.7700
RRab WFC2 21525 0 26 34.26 -41 51 04.20 26.701 0.609 0.6000 0.5249 bl
RRab WFC2 23579 0 26 34.34 -41 50 31.61 26.911 0.603 0.6852 0.8113
RRab WFC2 23522 0 26 34.35 -41 50 31.28 26.970 0.563 0.6310 0.9721
RRab WFC2 22295 0 26 34.38 -41 50 05.75 26.718 0.442 0.6811 0.5988
RRab WFC2 24780 0 26 34.38 -41 50 49.86 27.011 0.647 0.6360 0.7202 bl
RRab WFC2 36753 0 26 34.63 -41 50 51.56 27.034 0.453 0.4900 1.0899 bl
RRab WFC2 24713 0 26 34.67 -41 50 21.46 27.015 0.515 0.5879 0.8956
RRab WFC2 23584 0 26 34.68 -41 50 50.23 26.922 0.516 0.5400 1.0670 bl
RRab WFC2 24226 0 26 34.82 -41 50 41.88 27.016 0.575 0.5929 0.8343
RRab WFC2 24302 0 26 34.94 -41 50 28.86 27.026 0.607 0.5736 0.8848
RRab WFC2 22937 0 26 34.95 -41 50 51.33 26.809 0.505 0.6361 0.6483
RRab WFC2 22255 0 26 35.06 -41 50 14.51 26.856 0.418 0.6166 1.0707
RRab WFC2 26257 0 26 35.15 -41 51 10.42 27.178 0.582 0.5377 0.9202 bl
RRab WFC2 24805 0 26 35.16 -41 50 59.56 26.959 0.604 0.6681 0.7421
RRab WFC2 24792 0 26 35.29 -41 50 26.50 26.946 0.589 0.6169 0.8786 bl
RRab WFC2 25356 0 26 35.68 -41 50 58.65 27.058 0.497 0.5750 0.8292
RRab WFC2 23121 0 26 35.72 -41 51 19.98 26.834 0.483 0.6172 0.8303
RRab WFC2 22079 0 26 35.75 -41 50 32.19 26.825 0.510 0.6363 1.1657
RRab WFC2 23358 0 26 35.79 -41 51 05.21 26.836 0.436 0.5268 0.9277
RRab WFC2 23466 0 26 35.90 -41 50 56.86 26.930 0.529 0.5488 0.9465
RRab WFC2 22992 0 26 36.17 -41 50 59.90 26.827 0.399 0.5720 0.9780
RRab WFC2 25254 0 26 36.18 -41 50 06.02 27.008 0.552 0.6268 0.4216
RRab WFC2 24977 0 26 36.40 -41 51 25.35 26.945 0.515 0.6174 0.5157
RRab WFC2 23563 0 26 36.67 -41 51 00.21 26.790 0.413 0.6544 0.9273
RRab WFC2 24830 0 26 36.80 -41 51 29.59 26.939 0.498 0.6122 0.5898
RRab WFC2 23560 0 26 37.02 -41 50 30.80 26.961 0.528 0.6510 1.0431
RRab WFC2 24998 0 26 37.24 -41 50 46.18 26.977 0.421 0.5472 0.9414
RRab WFC2 22659 0 26 37.26 -41 50 52.30 26.813 0.511 0.6200 1.1436
RRab WFC2 23123 0 26 37.41 -41 50 44.12 26.955 0.560 0.6229 1.1545
RRab WFC2 22941 0 26 37.26 -41 51 10.95 26.718 0.452 0.6386 0.8140
RRab WFC2 22963 0 26 37.47 -41 51 30.45 26.885 0.457 0.5780 1.0898
RRab WFC2 23263 0 26 37.63 -41 49 59.14 26.994 0.441 0.5728 0.9799
RRab WFC2 24107 0 26 38.51 -41 51 32.45 26.907 0.579 0.7019 0.4590
RRab WFC2 24015 0 26 38.71 -41 49 39.04 27.014 0.562 0.6247 0.8473
RRab WFC2 23991 0 26 40.91 -41 50 07.93 26.846 0.293 0.5856 0.7850
RRc  WFC2 23174 0 26 33.36 -41 50 29.40 26.832 0.568 0.3446 0.5975
RRc  WFC2 23720 0 26 34.14 -41 50 11.63 26.898 0.643 0.3781 0.4427
RRc  WFC2 25657 0 26 38.24 -41 49 48.61 27.108 0.605 0.4025 0.5852
