RRab WFC1 27360 0 15 24.34 -32 10 42.23 26.983 0.518 0.5624 0.9455    
RRab WFC1 25183 0 15 25.04 -32 10 40.32 26.830 0.636 0.6718 0.6186
RRab WFC1 25200 0 15 25.27 -32 11 25.31 26.824 0.462 0.6851 0.7559
RRab WFC1 24100 0 15 25.34 -32 11 25.56 26.797 0.412 0.5933 1.1051
RRab WFC1 27060 0 15 25.54 -32 11 31.52 26.926 0.412 0.5707 0.6277
RRab WFC1 27605 0 15 25.74 -32 11 07.85 26.922 0.555 0.5885 0.6600
RRab WFC1 23243 0 15 26.41 -32 10 26.80 26.756 0.620 0.7589 0.6557 bl
RRab WFC1 26485 0 15 26.50 -32 10 54.61 26.934 0.581 0.6000 0.5783
RRab WFC1 21712 0 15 26.75 -32 11 47.09 26.685 0.256 0.6568 0.8969 bl
RRab WFC1 25344 0 15 26.78 -32 10 49.21 26.867 0.553 0.6970 0.8502
RRab WFC1 28422 0 15 27.05 -32 10 39.23 26.986 0.379 0.5882 0.5297
RRab WFC1 26120 0 15 27.14 -32 11 05.50 27.005 0.428 0.5114 1.1750
RRab WFC1 23229 0 15 27.14 -32 11 04.51 26.777 0.464 0.7036 1.0440 bl
RRab WFC1 23454 0 15 27.31 -32 10 54.68 26.885 0.489 0.6296 0.9765
RRab WFC1 28341 0 15 27.43 -32 11 42.67 26.873 0.411 0.5680 1.4977 bl
RRab WFC1 26304 0 15 27.43 -32 11 43.02 26.922 0.493 0.6070 0.7094
RRab WFC1 27608 0 15 27.46 -32 11 14.86 27.023 0.526 0.5590 0.9365
RRab WFC1 24185 0 15 27.49 -32 11 41.79 26.802 0.486 0.7168 0.6174
RRab WFC1 26082 0 15 27.53 -32 11 05.17 26.877 0.337 0.4800 0.8432
RRab WFC1 26002 0 15 27.56 -32 11 19.19 26.812 0.440 0.6153 0.6336
RRab WFC1 25386 0 15 27.71 -32 11 29.52 26.889 0.600 0.6277 0.5429
RRab WFC1 28695 0 15 27.76 -32 11 16.72 27.061 0.494 0.5600 0.7992
RRab WFC1 27355 0 15 27.84 -32 11 12.23 27.019 0.512 0.5712 0.6050
RRab WFC1 25681 0 15 27.86 -32 10 44.06 26.965 0.704 0.6085 0.8983
RRab WFC1 26495 0 15 27.91 -32 11 36.26 26.816 0.364 0.5091 0.6863
RRab WFC1 26350 0 15 27.97 -32 11 33.06 26.883 0.304 0.5441 0.9315
RRab WFC1 27227 0 15 28.23 -32 11 43.52 26.999 0.505 0.5634 0.8174
RRab WFC1 24562 0 15 28.26 -32 11 21.52 26.650 0.403 0.7552 0.5568
RRab WFC1 26605 0 15 28.32 -32 10 52.49 26.992 0.417 0.5019 0.9799
RRab WFC1 27050 0 15 28.35 -32 12 02.39 27.019 0.540 0.5827 0.8990
RRab WFC1 26623 0 15 28.36 -32 10 21.95 26.943 0.403 0.5304 0.8898
RRab WFC1 25428 0 15 28.36 -32 10 47.95 26.917 0.322 0.5339 1.2400 bl
RRab WFC1 26175 0 15 28.41 -32 11 17.25 26.792 0.399 0.5279 0.4363 bl
RRab WFC1 24824 0 15 28.45 -32 11 13.16 26.845 0.451 0.6067 0.8490 bl
RRab WFC1 28612 0 15 28.53 -32 10 57.46 27.012 0.474 0.5722 0.9192
RRab WFC1 25523 0 15 28.62 -32 10 19.68 26.894 0.452 0.5284 1.3187
RRab WFC1 24985 0 15 28.70 -32 10 42.45 26.742 0.446 0.6788 0.5440
RRab WFC1 28446 0 15 28.73 -32 11 22.13 26.979 0.369 0.5082 0.8691
RRab WFC1 28174 0 15 28.74 -32 10 49.72 27.047 0.562 0.5189 1.4994
RRab WFC1 25221 0 15 28.79 -32 11 18.39 26.800 0.552 0.7049 0.7636 bl
RRab WFC1 27349 0 15 28.87 -32 12 12.98 26.979 0.580 0.6088 0.7160
RRab WFC1 27046 0 15 28.96 -32 10 51.48 27.029 0.673 0.6957 0.9736
RRab WFC1 26671 0 15 29.03 -32 11 54.80 26.885 0.434 0.5954 0.7142
RRab WFC1 26174 0 15 29.16 -32 12 00.81 27.035 0.495 0.4899 1.2775
RRab WFC1 27484 0 15 29.17 -32 11 25.99 27.021 0.433 0.5262 0.9797
RRab WFC1 27493 0 15 29.22 -32 11 20.56 26.995 0.673 0.7185 0.6306 bl
RRab WFC1 26394 0 15 29.23 -32 12 24.82 27.004 0.584 0.6459 1.0263 bl
RRab WFC1 25925 0 15 29.28 -32 11 46.32 26.825 0.340 0.5346 0.6499
RRab WFC1 30092 0 15 29.29 -32 10 48.72 27.094 0.531 0.5660 0.6973
RRab WFC1 26242 0 15 29.34 -32 11 12.65 27.039 0.593 0.5725 0.8379 bl
RRab WFC1 27512 0 15 29.34 -32 10 44.03 26.904 0.393 0.5175 0.9794 bl
RRab WFC1 26590 0 15 29.37 -32 11 22.02 26.995 0.655 0.5583 0.8251
RRab WFC1 29396 0 15 29.46 -32 11 02.27 26.952 0.336 0.5869 0.8496 bl
RRab WFC1 25454 0 15 29.50 -32 10 33.71 26.819 0.459 0.5260 1.0026 bl
RRab WFC1 23166 0 15 29.63 -32 11 09.41 26.658 0.416 0.5724 0.6092
RRab WFC1 27899 0 15 29.66 -32 11 56.38 26.820 0.393 0.6025 1.2255
RRab WFC1 24254 0 15 29.71 -32 11 13.31 26.799 0.444 0.6432 0.8855 bl
RRab WFC1 26574 0 15 29.73 -32 10 43.92 26.892 0.455 0.5448 0.7397 bl
RRab WFC1 28370 0 15 29.77 -32 11 07.38 27.040 0.541 0.5853 1.0599 bl
RRab WFC1 28044 0 15 29.89 -32 11 28.13 26.901 0.441 0.5690 1.3127
RRab WFC1 26541 0 15 29.91 -32 11 44.39 26.891 0.402 0.5509 0.7032
RRab WFC1 24278 0 15 29.93 -32 11 06.57 26.645 0.357 0.5095 0.7906 bl
RRab WFC1 27901 0 15 29.98 -32 11 20.52 26.774 0.350 0.5664 1.3202 bl
RRab WFC1 24833 0 15 29.99 -32 12 04.88 27.020 0.394 0.5560 1.3311 bl
RRab WFC1 22642 0 15 30.00 -32 11 29.09 26.657 0.469 0.7068 0.6693 bl
RRab WFC1 27482 0 15 30.00 -32 10 24.48 26.961 0.372 0.5742 0.8280 bl
RRab WFC1 27835 0 15 30.03 -32 10 39.67 26.915 0.485 0.5828 0.9609 bl
RRab WFC1 24256 0 15 30.16 -32 10 47.20 26.689 0.444 0.5669 0.5600 bl
RRab WFC1 20306 0 15 30.16 -32 10 29.19 26.645 0.655 0.5100 0.7861 bl
RRab WFC1 25107 0 15 30.20 -32 10 35.82 26.871 0.633 0.6975 0.7438 bl
RRab WFC1 25383 0 15 30.25 -32 11 08.60 26.902 0.503 0.4999 0.9693 bl
RRab WFC1 28597 0 15 30.27 -32 12 05.17 26.965 0.351 0.5680 0.7324
RRab WFC1 27912 0 15 30.29 -32 10 51.96 27.021 0.585 0.5333 0.9137 bl
RRab WFC1 27831 0 15 30.30 -32 10 46.86 27.032 0.726 0.6063 0.7394 bl
RRab WFC1 29114 0 15 30.30 -32 11 54.70 27.037 0.649 0.6400 0.9540
RRab WFC1 25720 0 15 30.31 -32 10 53.22 26.824 0.273 0.6633 0.5865 bl
RRab WFC1 28832 0 15 30.33 -32 11 24.53 26.872 0.390 0.6176 0.7099 bl
RRab WFC1 28152 0 15 30.33 -32 12 09.27 26.950 0.411 0.5881 0.6238
RRab WFC1 28616 0 15 30.40 -32 10 36.58 27.056 0.630 0.6042 0.7818 bl
RRab WFC1 27380 0 15 30.44 -32 11 45.67 26.956 0.414 0.5183 0.9797
RRab WFC1 24751 0 15 30.64 -32 12 16.21 26.859 0.438 0.5000 1.1027
RRab WFC1 25215 0 15 30.65 -32 11 59.04 26.844 0.372 0.5352 0.8805
RRab WFC1 28326 0 15 30.69 -32 11 25.07 27.009 0.556 0.5123 0.8966 bl
RRab WFC1 28318 0 15 30.74 -32 10 56.13 27.169 0.718 0.5540 0.7099 bl
RRab WFC1 29373 0 15 30.79 -32 11 38.70 27.112 0.520 0.7773 0.9664
RRab WFC1 28223 0 15 30.95 -32 11 29.03 27.039 0.483 0.5182 1.1651
RRab WFC1 26576 0 15 31.04 -32 10 56.13 26.872 0.311 0.4892 0.9293 bl
RRab WFC1 22816 0 15 31.10 -32 11 08.42 26.758 0.516 0.5649 0.8567 bl
RRab WFC1 29256 0 15 31.10 -32 12 20.23 26.760 0.241 0.6385 1.4114
RRab WFC1 23178 0 15 31.10 -32 11 00.94 26.755 0.661 0.6585 0.5899 bl
RRab WFC1 26298 0 15 31.16 -32 11 40.23 26.925 0.327 0.5123 1.0403
RRab WFC1 27610 0 15 31.29 -32 11 43.32 26.972 0.452 0.5725 0.8496
RRab WFC1 29588 0 15 31.34 -32 11 06.10 27.051 0.414 0.5766 0.9119 bl
RRab WFC1 27790 0 15 31.42 -32 11 44.20 26.871 0.411 0.5797 0.8081 bl
RRab WFC1 25870 0 15 31.52 -32 11 31.09 26.811 0.540 0.7020 0.6976
RRab WFC1 25915 0 15 31.57 -32 11 22.06 26.880 0.402 0.5196 1.1101 bl
RRab WFC1 26611 0 15 31.68 -32 11 07.72 27.205 0.706 0.6361 1.2539 bl
RRab WFC1 27347 0 15 31.71 -32 11 38.68 26.955 0.340 0.5528 0.6192
RRab WFC1 28110 0 15 31.87 -32 10 54.32 26.965 0.300 0.5438 1.1444 bl
RRab WFC1 26598 0 15 31.92 -32 11 17.17 26.756 0.350 0.5973 0.7040 bl
RRab WFC1 26172 0 15 31.99 -32 10 50.47 26.848 0.339 0.5451 0.9816 bl
RRab WFC1 26300 0 15 32.10 -32 10 51.28 26.944 0.536 0.5771 0.9930 bl
RRab WFC1 27692 0 15 32.23 -32 11 18.34 26.800 0.368 0.6008 0.8183 bl
RRab WFC1 21368 0 15 32.30 -32 10 56.01 26.702 0.354 0.5700 0.7845 bl
RRab WFC1 28111 0 15 32.33 -32 11 04.55 26.980 0.472 0.6040 1.2793 bl
RRab WFC1 27024 0 15 32.40 -32 12 10.38 26.948 0.392 0.5513 0.6790
RRab WFC1 30334 0 15 32.44 -32 11 02.09 26.974 0.424 0.6390 1.2399 bl
RRab WFC1 28102 0 15 32.47 -32 11 39.83 27.060 0.549 0.5029 1.1439
RRab WFC1 24189 0 15 32.58 -32 11 12.97 26.830 0.403 0.5617 0.9182 bl
RRab WFC1 25850 0 15 32.66 -32 11 47.78 26.913 0.366 0.5469 1.2318
RRab WFC1 27871 0 15 32.75 -32 11 04.71 26.803 0.370 0.5345 0.7982 bl
RRab WFC1 27880 0 15 32.93 -32 11 51.86 27.129 0.626 0.5969 1.2614
RRab WFC1 27980 0 15 32.97 -32 11 58.79 27.014 0.405 0.5523 0.8015
RRab WFC1 27036 0 15 33.04 -32 11 31.80 26.876 0.317 0.5005 0.7199
RRab WFC1 27175 0 15 33.12 -32 11 11.50 26.957 0.460 0.5331 1.0803 bl
RRab WFC1 24551 0 15 33.21 -32 11 18.78 26.855 0.469 0.7653 1.1013
RRab WFC1 26185 0 15 33.39 -32 11 25.18 26.866 0.518 0.6005 0.8499
RRab WFC1 24647 0 15 33.52 -32 11 19.55 26.913 0.444 0.6179 1.0499
RRab WFC1 27101 0 15 33.62 -32 11 06.21 26.911 0.472 0.5039 0.7918 bl
RRab WFC1 28405 0 15 33.70 -32 11 17.64 26.891 0.361 0.5493 0.8772
RRab WFC1 24392 0 15 34.36 -32 11 24.21 26.777 0.541 0.6719 0.9428
RRab WFC1 28438 0 15 34.79 -32 11 33.42 26.993 0.516 0.5372 0.9293
RRab WFC1 28176 0 15 35.61 -32 11 35.10 26.916 0.622 0.6767 0.9516
RRc  WFC1 24150 0 15 25.57 -32 11 24.13 26.684 0.218 0.3242 0.5591
RRc  WFC1 31623 0 15 27.96 -32 11 25.57 27.143 0.394 0.2895 0.4600 bl
RRc  WFC1 24390 0 15 28.44 -32 10 58.97 26.759 0.574 0.2668 0.4252
RRc  WFC1 26141 0 15 28.54 -32 11 46.15 26.779 0.340 0.3460 0.7136
RRc  WFC1 23520 0 15 28.66 -32 11 17.69 26.791 0.690 0.4048 0.6748
RRc  WFC1 27267 0 15 29.05 -32 10 55.61 26.826 0.542 0.3577 0.6748
RRc  WFC1 27601 0 15 29.32 -32 11 20.40 26.937 0.611 0.3039 0.7193
RRc  WFC1 26066 0 15 29.42 -32 12 25.66 26.805 0.273 0.3205 0.4711 bl
RRc  WFC1 26087 0 15 29.71 -32 11 30.04 26.785 0.293 0.3760 0.5250 bl
RRc  WFC1 30807 0 15 29.85 -32 10 37.84 27.167 0.478 0.2398 0.3971 bl
RRc  WFC1 25767 0 15 29.91 -32 11 40.93 26.917 0.657 0.4103 0.5887
RRc  WFC1 26943 0 15 29.97 -32 11 31.45 26.935 0.497 0.3845 0.6409
RRc  WFC1 27546 0 15 30.03 -32 11 05.69 26.869 0.328 0.3365 0.7952 bl
RRc  WFC1 23970 0 15 30.31 -32 10 21.47 26.795 0.658 0.4181 0.4809 bl
RRc  WFC1 26924 0 15 30.36 -32 11 30.85 26.738 0.295 0.3145 0.8754 bl
RRc  WFC1 23504 0 15 30.74 -32 11 34.68 26.779 0.655 0.2594 0.5716 bl
RRc  WFC1 24038 0 15 31.15 -32 11 24.60 26.644 0.346 0.3049 0.3799
RRc  WFC1 31589 0 15 31.19 -32 11 19.41 27.221 0.624 0.2636 0.8013 bl
RRc  WFC1 29870 0 15 31.70 -32 10 56.21 27.194 0.614 0.2004 0.4031 bl
RRc  WFC1 27074 0 15 31.71 -32 11 18.60 26.823 0.429 0.2182 0.5282 bl
RRc  WFC1 29242 0 15 31.72 -32 11 03.56 26.996 0.489 0.2308 0.4034 bl
RRc  WFC1 20641 0 15 31.97 -32 10 52.55 26.706 0.714 0.2313 0.6494 bl
RRc  WFC1 29596 0 15 32.08 -32 11 06.95 26.960 0.317 0.2080 0.4277 bl
RRc  WFC1 24614 0 15 32.55 -32 11 31.34 26.645 0.251 0.3704 0.4340
RRc  WFC1 27791 0 15 32.77 -32 11 22.95 27.031 0.722 0.2191 0.4563
RRc  WFC1 22348 0 15 33.20 -32 10 58.75 26.650 0.481 0.3652 0.6355 bl
RRc  WFC1 31187 0 15 33.81 -32 11 33.83 27.162 0.533 0.2277 0.6552
RRc  WFC1 27497 0 15 34.57 -32 11 43.03 26.980 0.567 0.3591 0.7545
RRab WFC2 18627 0 15 29.79 -32 09 45.39 26.987 0.622 0.5446 0.8530
RRab WFC2 15681 0 15 30.19 -32 09 19.01 26.725 0.433 0.6162 0.9297
RRab WFC2 18442 0 15 30.40 -32 10 05.50 26.794 0.478 0.6037 1.2543
RRab WFC2 16370 0 15 30.52 -32 08 38.45 26.845 0.617 0.6592 1.1345
RRab WFC2 20519 0 15 30.90 -32 09 56.61 26.950 0.597 0.6162 1.0357
RRab WFC2 20384 0 15 30.94 -32 09 58.49 27.041 0.615 0.5920 0.9795
RRab WFC2 20330 0 15 31.11 -32 10 14.18 27.091 0.620 0.5149 0.9320
RRab WFC2 16408 0 15 31.17 -32 10 03.60 26.772 0.475 0.6363 0.7920
RRab WFC2 17617 0 15 31.18 -32 09 46.89 26.692 0.315 0.5813 1.0207
RRab WFC2 17501 0 15 31.49 -32 10 12.21 26.769 0.314 0.5328 1.0844
RRab WFC2 20202 0 15 31.72 -32 10 14.80 27.083 0.664 0.5752 0.8367
RRab WFC2 18850 0 15 31.73 -32 09 44.25 26.863 0.390 0.5747 0.7271
RRab WFC2 21089 0 15 31.81 -32 10 18.34 27.113 0.531 0.4706 1.3335
RRab WFC2 19444 0 15 31.82 -32 10 25.73 26.987 0.714 0.6858 0.7957 bl
RRab WFC2 16794 0 15 31.87 -32 09 31.14 26.710 0.473 0.7035 0.6467
RRab WFC2 19998 0 15 31.95 -32 09 43.87 26.982 0.565 0.5766 0.6838
RRab WFC2 21041 0 15 31.98 -32 10 10.18 27.066 0.510 0.4876 0.8028
RRab WFC2 18967 0 15 32.00 -32 09 54.28 27.062 0.622 0.5480 0.7652
RRab WFC2 19967 0 15 32.02 -32 10 11.79 26.955 0.477 0.5577 1.0408
RRab WFC2 20620 0 15 32.06 -32 10 05.51 27.095 0.657 0.5651 0.6108
RRab WFC2 17436 0 15 32.08 -32 10 28.95 26.792 0.563 0.5335 0.7977 bl
RRab WFC2 18437 0 15 32.13 -32 10 26.19 26.905 0.479 0.5895 1.1469 bl
RRab WFC2 15859 0 15 32.20 -32 10 30.08 26.642 0.601 0.5312 0.5642 bl
RRab WFC2 20268 0 15 32.30 -32 10 29.56 27.012 0.499 0.4900 1.0195 bl
RRab WFC2 19279 0 15 32.30 -32 09 27.18 27.036 0.665 0.5738 0.9971
RRab WFC2 18765 0 15 32.31 -32 09 58.23 26.719 0.345 0.5308 1.0882
RRab WFC2 15269 0 15 32.33 -32 10 37.80 26.695 0.412 0.5885 0.9800 bl
RRab WFC2 17225 0 15 32.41 -32 10 23.36 26.801 0.564 0.6601 1.2381 bl
RRab WFC2 20363 0 15 32.57 -32 10 17.18 27.148 0.695 0.5165 1.1823
RRab WFC2 19188 0 15 32.93 -32 09 55.54 26.890 0.529 0.5990 1.2836
RRab WFC2 19560 0 15 33.00 -32 10 19.57 26.871 0.484 0.5335 1.1086 bl
RRab WFC2 20302 0 15 33.10 -32 09 32.46 26.935 0.609 0.5886 0.6520
RRab WFC2 19397 0 15 33.13 -32 09 53.10 26.852 0.427 0.5800 0.9383
RRab WFC2 20693 0 15 33.16 -32 10 44.80 27.108 0.582 0.5781 0.9146 bl
RRab WFC2 19013 0 15 33.21 -32 10 40.93 26.926 0.291 0.5272 1.1563 bl
RRab WFC2 19997 0 15 33.23 -32 10 34.76 26.931 0.385 0.4800 0.9500 bl
RRab WFC2 18567 0 15 33.24 -32 10 33.10 26.879 0.476 0.6600 0.6264 bl
RRab WFC2 18041 0 15 33.25 -32 10 30.56 26.815 0.518 0.7900 0.7204 bl
RRab WFC2 17823 0 15 33.34 -32 08 57.26 26.897 0.570 0.5962 1.0023
RRab WFC2 18549 0 15 33.40 -32 10 32.06 26.962 0.555 0.6540 0.8500 bl
RRab WFC2 19681 0 15 33.45 -32 10 04.44 26.877 0.411 0.5600 0.7840
RRab WFC2 18468 0 15 33.49 -32 10 19.44 26.806 0.520 0.6096 0.6431
RRab WFC2 19896 0 15 33.53 -32 09 54.15 26.940 0.485 0.5892 0.9329
RRab WFC2 17073 0 15 33.62 -32 10 44.18 26.825 0.493 0.6159 0.9800 bl
RRab WFC2 18080 0 15 33.74 -32 09 34.94 26.850 0.511 0.6667 0.8785
RRab WFC2 17894 0 15 33.74 -32 10 07.41 26.849 0.623 0.6778 1.0617
RRab WFC2 19079 0 15 33.75 -32 09 45.15 26.964 0.669 0.7255 0.5164
RRab WFC2 19472 0 15 33.80 -32 10 00.13 26.807 0.400 0.7064 0.4327
RRab WFC2 20553 0 15 33.80 -32 10 09.52 27.056 0.558 0.5335 0.7852
RRab WFC2 17665 0 15 33.82 -32 10 22.98 26.868 0.561 0.5749 0.9804
RRab WFC2 18081 0 15 33.84 -32 09 30.20 26.672 0.288 0.6600 0.6212
RRab WFC2 18548 0 15 33.88 -32 10 40.30 27.008 0.682 0.6614 0.8537 bl
RRab WFC2 20604 0 15 33.89 -32 10 54.15 27.089 0.592 0.4697 1.1749 bl
RRab WFC2 19820 0 15 34.09 -32 10 38.81 26.918 0.488 0.5847 0.8014
RRab WFC2 18033 0 15 34.15 -32 10 12.64 26.911 0.709 0.5909 0.6781
RRab WFC2 20383 0 15 34.31 -32 11 04.40 26.888 0.427 0.5906 0.5589
RRab WFC2 20598 0 15 34.39 -32 10 29.85 27.008 0.439 0.5962 0.8231 bl
RRab WFC2 20022 0 15 34.40 -32 10 53.56 26.959 0.452 0.5837 0.8491 bl
RRab WFC2 17802 0 15 34.44 -32 08 59.42 26.826 0.447 0.6805 0.5820
RRab WFC2 18078 0 15 34.44 -32 10 59.30 26.709 0.440 0.7467 0.5146
RRab WFC2 20664 0 15 34.47 -32 10 24.35 27.019 0.494 0.5324 0.8384
RRab WFC2 20294 0 15 34.51 -32 09 43.66 27.049 0.590 0.5190 0.9190
RRab WFC2 20932 0 15 34.59 -32 10 24.11 26.949 0.442 0.5370 0.8563
RRab WFC2 20387 0 15 34.81 -32 10 58.97 26.869 0.466 0.5700 0.8612
RRab WFC2 16550 0 15 34.82 -32 09 48.92 26.800 0.542 0.6836 0.8627
RRab WFC2 20097 0 15 34.84 -32 11 12.12 26.951 0.550 0.5912 0.5873
RRab WFC2 20690 0 15 34.95 -32 09 43.66 26.998 0.459 0.5168 1.1667
RRab WFC2 20388 0 15 34.95 -32 10 23.43 26.650 0.304 0.6374 1.4221
RRab WFC2 17094 0 15 35.01 -32 10 55.18 26.695 0.406 0.5762 0.4722
RRab WFC2 18479 0 15 35.03 -32 10 11.76 26.875 0.668 0.7163 0.4789
RRab WFC2 20498 0 15 35.03 -32 10 26.73 26.944 0.413 0.5938 0.7416
RRab WFC2 19709 0 15 35.12 -32 10 20.88 27.059 0.545 0.5104 1.0351
RRab WFC2 19582 0 15 35.19 -32 10 30.97 27.012 0.585 0.4856 1.0402
RRab WFC2 20818 0 15 35.25 -32 09 05.98 27.172 0.500 0.5549 0.7655
RRab WFC2 19205 0 15 35.26 -32 09 59.83 27.046 0.507 0.4981 1.2248
RRab WFC2 18746 0 15 35.30 -32 10 33.76 27.023 0.599 0.5228 1.2149
RRab WFC2 18704 0 15 35.34 -32 11 04.48 26.784 0.455 0.6206 1.2669
RRab WFC2 18373 0 15 35.39 -32 09 46.63 27.016 0.614 0.5834 1.1813
RRab WFC2 17412 0 15 35.43 -32 11 07.63 26.839 0.499 0.5395 1.0395
RRab WFC2 20432 0 15 35.50 -32 09 05.35 27.012 0.431 0.5654 0.8913
RRab WFC2 19853 0 15 35.61 -32 10 32.73 26.944 0.485 0.5894 0.6844
RRab WFC2 19659 0 15 35.65 -32 10 30.42 27.035 0.636 0.5587 0.7068
RRab WFC2 19618 0 15 35.67 -32 11 10.28 26.907 0.455 0.6355 0.7994
RRab WFC2 19507 0 15 35.70 -32 10 25.97 26.937 0.634 0.6987 0.7112
RRab WFC2 19176 0 15 35.72 -32 09 59.25 26.900 0.470 0.5754 1.0062
RRab WFC2 18477 0 15 35.76 -32 10 10.61 26.794 0.535 0.8258 0.7838
RRab WFC2 18517 0 15 35.94 -32 10 03.30 26.820 0.493 0.6042 0.5531
RRab WFC2 14904 0 15 36.03 -32 10 58.07 26.957 0.711 0.6284 1.3478
RRab WFC2 20446 0 15 36.06 -32 09 18.49 27.130 0.671 0.4800 1.4117
RRab WFC2 17768 0 15 36.22 -32 10 14.64 26.739 0.528 0.7262 0.7344
RRab WFC2 18225 0 15 36.25 -32 11 01.67 26.792 0.563 0.6825 0.7648
RRab WFC2 19388 0 15 36.59 -32 10 18.72 26.812 0.461 0.5721 0.9830
RRab WFC2 18738 0 15 36.73 -32 09 44.12 26.930 0.533 0.5968 0.8674
RRab WFC2 19609 0 15 36.99 -32 10 44.69 26.991 0.482 0.5159 1.2079
RRab WFC2 20360 0 15 37.24 -32 10 31.36 27.018 0.585 0.6141 0.7049
RRab WFC2 18092 0 15 37.32 -32 09 50.12 27.008 0.698 0.6699 0.7512
RRab WFC2 20373 0 15 37.40 -32 10 16.28 26.949 0.430 0.5604 0.9436
RRab WFC2 18410 0 15 37.45 -32 11 13.10 26.920 0.650 0.5955 0.8852
RRab WFC2 18949 0 15 38.49 -32 09 47.56 26.863 0.435 0.6872 0.7205
RRab WFC2 19106 0 15 38.82 -32 10 40.06 26.943 0.532 0.5905 0.6372
RRab WFC2 19818 0 15 41.13 -32 10 17.58 26.969 0.406 0.5273 1.0171
RRc  WFC2 19124 0 15 31.63 -32 10 15.45 26.809 0.479 0.3146 0.6532
RRc  WFC2 16185 0 15 31.65 -32 10 19.04 26.709 0.700 0.2195 0.6250
RRc  WFC2 19968 0 15 31.99 -32 10 28.29 26.958 0.479 0.3597 0.7719 bl
RRc  WFC2 19264 0 15 33.55 -32 09 53.06 26.862 0.576 0.2885 0.5935
RRc  WFC2 16866 0 15 33.68 -32 10 26.99 26.783 0.667 0.3271 0.5668 bl
RRc  WFC2 20071 0 15 34.08 -32 09 46.24 26.845 0.326 0.3076 0.4367
RRc  WFC2 19424 0 15 34.13 -32 10 32.87 26.739 0.294 0.2742 0.7136
RRc  WFC2 20028 0 15 34.75 -32 11 01.67 26.772 0.319 0.3400 0.7532
RRc  WFC2 18440 0 15 35.46 -32 10 29.97 26.843 0.582 0.4141 0.3227 bl
RRc  WFC2 19250 0 15 35.87 -32 10 22.29 26.865 0.563 0.4010 0.5522
RRc  WFC2 20416 0 15 36.10 -32 10 51.53 26.960 0.411 0.3551 0.7196
RRc  WFC2 17620 0 15 36.67 -32 10 33.33 26.700 0.550 0.3736 0.6027 bl
RRc  WFC2 19774 0 15 36.69 -32 09 26.89 26.987 0.458 0.3382 0.4888
RRc  WFC2 19831 0 15 36.83 -32 10 07.85 26.998 0.494 0.3627 0.6434
RRc  WFC2 20645 0 15 37.93 -32 10 06.93 27.011 0.530 0.3839 0.5075
RRc  WFC2 19904 0 15 38.40 -32 10 22.29 26.953 0.435 0.3583 0.6449
