V2 13 59 51.34 14 39 06.0 RRc 0.3119 3852.729 19.63 14 19.32 3 0.34
V3 14 00 26.86 14 35 33.1 RRc 0.3232 3852.808 19.58 19 19.25 3 0.57
V4 14 00 08.90 14 34 24.1 RRc 0.3860 3847.4073 19.57 42 19.19 7 0.59
V5 14 00 21.56 14 37 28.8 RRab 0.6506 3886.8486 19.38 15 18.93 4 0.33
V6 13 59 45.95 14 31 40.7 RRc 0.3919 3852.778 19.58 50 19.13 15 0.53
V8 13 59 59.69 14 27 34.0 RRc 0.4179 3852.891 19.54 49 19.10 17 0.40
V9 13 59 47.28 14 27 56.3 RRab 0.5755 3881.4475 19.55 52 19.07 14 1.00
V10 14 00 25.75 14 33 08.4 RRab 0.6280 3860.418 19.47 27 18.98 4 1.09
V12 13 59 56.00 14 34 55.0 RRd 0.3948 3852.891 19.59 41 19.13 8 0.53
V14 13 59 25.75 14 23 45.3 RRab 0.7186 3846.994 19.50 13 19.03 2 0.44
V15 14 00 11.09 14 24 19.7 RRab 0.8456 3851.856 19.45 41 18.91 14 0.48
