ACS  22 32 41.2 +31 12 58.2 jcnb31psq_flc.fits 2015 01 20 23 57 41 F475W  1264
ACS  22 32 41.2 +31 12 58.2 jcnb31pvq_flc.fits 2015 01 21 00 21 42 F814W  1002
ACS  22 32 41.2 +31 12 58.2 jcnb31qoq_flc.fits 2015 01 21 01 19 28 F814W  1086
ACS  22 32 41.2 +31 12 58.2 jcnb31qsq_flc.fits 2015 01 21 01 40 32 F475W  1372
ACS  22 32 41.2 +31 12 58.2 jcnb32rnq_flc.fits 2015 01 21 04 44 14 F475W  1264
ACS  22 32 41.2 +31 12 58.2 jcnb32rqq_flc.fits 2015 01 21 05 08 15 F814W  1002
ACS  22 32 41.2 +31 12 58.2 jcnb32rsq_flc.fits 2015 01 21 06 06 10 F814W  1086
ACS  22 32 41.2 +31 12 58.2 jcnb32rwq_flc.fits 2015 01 21 06 27 14 F475W  1372
ACS  22 32 41.2 +31 12 58.2 jcnb33vcq_flc.fits 2015 01 22 04 36 56 F475W  1264
ACS  22 32 41.2 +31 12 58.2 jcnb33vfq_flc.fits 2015 01 22 05 00 57 F814W  1002
ACS  22 32 41.2 +31 12 58.2 jcnb33vhq_flc.fits 2015 01 22 05 59 33 F814W  1086
ACS  22 32 41.2 +31 12 58.2 jcnb33vlq_flc.fits 2015 01 22 06 20 37 F475W  1372
ACS  22 32 41.2 +31 12 58.2 jcnb34vqq_flc.fits 2015 01 22 07 47 55 F475W  1264
ACS  22 32 41.2 +31 12 58.2 jcnb34vtq_flc.fits 2015 01 22 08 11 56 F814W  1002
ACS  22 32 41.2 +31 12 58.2 jcnb34vvq_flc.fits 2015 01 22 09 13 43 F814W  1086
ACS  22 32 41.2 +31 12 58.2 jcnb34vzq_flc.fits 2015 01 22 09 34 47 F475W  1372
ACS  22 32 41.2 +31 12 58.2 jcnb35a1q_flc.fits 2015 01 22 22 31 26 F814W  1002
ACS  22 32 41.2 +31 12 58.2 jcnb35a4q_flc.fits 2015 01 22 23 30 34 F814W  1086
ACS  22 32 41.2 +31 12 58.2 jcnb35a8q_flc.fits 2015 01 22 23 51 38 F475W  1372
ACS  22 32 41.2 +31 12 58.2 jcnb35zxq_flc.fits 2015 01 22 22 07 25 F475W  1264
ACS  22 32 41.2 +31 12 58.2 jcnb36bdq_flc.fits 2015 01 23 01 18 25 F475W  1264
ACS  22 32 41.2 +31 12 58.2 jcnb36bgq_flc.fits 2015 01 23 01 42 26 F814W  1002
ACS  22 32 41.2 +31 12 58.2 jcnb36boq_flc.fits 2015 01 23 02 41 39 F814W  1086
ACS  22 32 41.2 +31 12 58.2 jcnb36bsq_flc.fits 2015 01 23 03 02 43 F475W  1372
ACS  22 32 41.2 +31 12 58.2 jcnb37i1q_flc.fits 2015 01 23 21 59 50 F475W  1264
ACS  22 32 41.2 +31 12 58.2 jcnb37i4q_flc.fits 2015 01 23 22 23 51 F814W  1002
ACS  22 32 41.2 +31 12 58.2 jcnb37i6q_flc.fits 2015 01 23 23 23 36 F814W  1086
ACS  22 32 41.2 +31 12 58.2 jcnb37iaq_flc.fits 2015 01 23 23 44 40 F475W  1372
ACS  22 32 41.2 +31 12 58.2 jcnb38jbq_flc.fits 2015 01 24 01 10 48 F475W  1264
ACS  22 32 41.2 +31 12 58.2 jcnb38jeq_flc.fits 2015 01 24 01 34 49 F814W  1002
ACS  22 32 41.2 +31 12 58.2 jcnb38jhq_flc.fits 2015 01 24 02 34 40 F814W  1086
ACS  22 32 41.2 +31 12 58.2 jcnb38jlq_flc.fits 2015 01 24 02 55 44 F475W  1372
ACS  22 32 41.2 +31 12 58.2 jcnb39njq_flc.fits 2015 01 24 21 52 05 F475W  1264
ACS  22 32 41.2 +31 12 58.2 jcnb39nmq_flc.fits 2015 01 24 22 16 06 F814W  1002
ACS  22 32 41.2 +31 12 58.2 jcnb39noq_flc.fits 2015 01 24 23 16 28 F814W  1086
ACS  22 32 41.2 +31 12 58.2 jcnb39nsq_flc.fits 2015 01 24 23 37 32 F475W  1372
ACS  22 32 41.2 +31 12 58.2 jcnb40osq_flc.fits 2015 01 25 01 03 03 F475W  1264
ACS  22 32 41.2 +31 12 58.2 jcnb40ovq_flc.fits 2015 01 25 01 27 04 F814W  1002
ACS  22 32 41.2 +31 12 58.2 jcnb40oyq_flc.fits 2015 01 25 02 27 30 F814W  1086
ACS  22 32 41.2 +31 12 58.2 jcnb40p2q_flc.fits 2015 01 25 02 48 34 F475W  1372
WFC3 22 33 09.6 +31 13 31.0 icnb31ptq_flc.fits 2015 01 20 23 56 46 F475W  1308
WFC3 22 33 09.6 +31 13 31.0 icnb31puq_flc.fits 2015 01 21 00 21 02 F814W  1046
WFC3 22 33 09.6 +31 13 31.0 icnb31qpq_flc.fits 2015 01 21 01 19 23 F814W  1103
WFC3 22 33 09.6 +31 13 31.0 icnb31qtq_flc.fits 2015 01 21 01 40 20 F475W  1389
WFC3 22 33 09.6 +31 13 31.0 icnb32roq_flc.fits 2015 01 21 04 43 19 F475W  1308
WFC3 22 33 09.6 +31 13 31.0 icnb32rpq_flc.fits 2015 01 21 05 07 35 F814W  1046
WFC3 22 33 09.6 +31 13 31.0 icnb32rtq_flc.fits 2015 01 21 06 06 05 F814W  1103
WFC3 22 33 09.6 +31 13 31.0 icnb32rxq_flc.fits 2015 01 21 06 27 02 F475W  1389
WFC3 22 33 09.6 +31 13 31.0 icnb33vdq_flc.fits 2015 01 22 04 36 01 F475W  1308
WFC3 22 33 09.6 +31 13 31.0 icnb33veq_flc.fits 2015 01 22 05 00 17 F814W  1046
WFC3 22 33 09.6 +31 13 31.0 icnb33viq_flc.fits 2015 01 22 05 59 28 F814W  1103
WFC3 22 33 09.6 +31 13 31.0 icnb33vmq_flc.fits 2015 01 22 06 20 25 F475W  1389
WFC3 22 33 09.6 +31 13 31.0 icnb34vrq_flc.fits 2015 01 22 07 47 00 F475W  1308
WFC3 22 33 09.6 +31 13 31.0 icnb34vsq_flc.fits 2015 01 22 08 11 16 F814W  1046
WFC3 22 33 09.6 +31 13 31.0 icnb34vwq_flc.fits 2015 01 22 09 13 38 F814W  1103
WFC3 22 33 09.6 +31 13 31.0 icnb34w0q_flc.fits 2015 01 22 09 34 35 F475W  1389
WFC3 22 33 09.6 +31 13 31.0 icnb35a5q_flc.fits 2015 01 22 23 30 29 F814W  1103
WFC3 22 33 09.6 +31 13 31.0 icnb35a9q_flc.fits 2015 01 22 23 51 26 F475W  1389
WFC3 22 33 09.6 +31 13 31.0 icnb35zyq_flc.fits 2015 01 22 22 06 30 F475W  1308
WFC3 22 33 09.6 +31 13 31.0 icnb35zzq_flc.fits 2015 01 22 22 30 46 F814W  1046
WFC3 22 33 09.6 +31 13 31.0 icnb36beq_flc.fits 2015 01 23 01 17 30 F475W  1308
WFC3 22 33 09.6 +31 13 31.0 icnb36bfq_flc.fits 2015 01 23 01 41 46 F814W  1046
WFC3 22 33 09.6 +31 13 31.0 icnb36bpq_flc.fits 2015 01 23 02 41 34 F814W  1103
WFC3 22 33 09.6 +31 13 31.0 icnb36btq_flc.fits 2015 01 23 03 02 31 F475W  1389
WFC3 22 33 09.6 +31 13 31.0 icnb37i2q_flc.fits 2015 01 23 21 58 55 F475W  1308
WFC3 22 33 09.6 +31 13 31.0 icnb37i3q_flc.fits 2015 01 23 22 23 11 F814W  1046
WFC3 22 33 09.6 +31 13 31.0 icnb37i7q_flc.fits 2015 01 23 23 23 31 F814W  1103
WFC3 22 33 09.6 +31 13 31.0 icnb37ibq_flc.fits 2015 01 23 23 44 28 F475W  1389
WFC3 22 33 09.6 +31 13 31.0 icnb38jcq_flc.fits 2015 01 24 01 09 53 F475W  1308
WFC3 22 33 09.6 +31 13 31.0 icnb38jdq_flc.fits 2015 01 24 01 34 09 F814W  1046
WFC3 22 33 09.6 +31 13 31.0 icnb38jiq_flc.fits 2015 01 24 02 34 35 F814W  1103
WFC3 22 33 09.6 +31 13 31.0 icnb38jmq_flc.fits 2015 01 24 02 55 32 F475W  1389
WFC3 22 33 09.6 +31 13 31.0 icnb39nkq_flc.fits 2015 01 24 21 51 10 F475W  1308
WFC3 22 33 09.6 +31 13 31.0 icnb39nlq_flc.fits 2015 01 24 22 15 26 F814W  1046
WFC3 22 33 09.6 +31 13 31.0 icnb39npq_flc.fits 2015 01 24 23 16 23 F814W  1103
WFC3 22 33 09.6 +31 13 31.0 icnb39ntq_flc.fits 2015 01 24 23 37 20 F475W  1389
WFC3 22 33 09.6 +31 13 31.0 icnb40otq_flc.fits 2015 01 25 01 02 08 F475W  1308
WFC3 22 33 09.6 +31 13 31.0 icnb40ouq_flc.fits 2015 01 25 01 26 24 F814W  1046
WFC3 22 33 09.6 +31 13 31.0 icnb40ozq_flc.fits 2015 01 25 02 27 25 F814W  1103
WFC3 22 33 09.6 +31 13 31.0 icnb40p3q_flc.fits 2015 01 25 02 48 22 F475W  1389
