AndXXVIII -V001 22 32 32.098 +31 13 11.52 0.642 25.549 1.142 24.648 0.601 25.694 1.259 25.229 0.960 24.639 0.620 RRab    ACS
AndXXVIII -V002 22 32 33.432 +31 13 07.56 0.608 25.392 0.697 24.659 0.228 25.508 0.590 25.141 0.392 24.615 0.203 RRL?    ACS
AndXXVIII -V003 22 32 35.539 +31 12 15.41 0.407 25.414 0.460 24.603 0.217 25.536 0.517 25.131 0.366 24.587 0.222 RRc     ACS
AndXXVIII -V004 22 32 35.594 +31 12 32.34 0.366 25.490 0.501 24.730 0.272 25.607 0.538 25.215 0.435 24.713 0.275 RRc     ACS
AndXXVIII -V005 22 32 36.365 +31 12 22.37 0.565 25.529 0.974 24.647 0.566 25.653 1.102 25.244 0.769 24.635 0.582 RRab    ACS
AndXXVIII -V006 22 32 36.682 +31 14 05.83 0.540 25.493 1.222 24.639 0.771 25.621 1.344 25.198 1.016 24.629 0.785 RRab    ACS
AndXXVIII -V007 22 32 36.703 +31 13 45.74 0.681 25.363 0.720 24.456 0.345 25.502 0.802 25.055 0.606 24.445 0.355 RRab    ACS
AndXXVIII -V008 22 32 36.958 +31 13 14.25 0.341 25.411 0.541 24.559 0.246 25.542 0.592 25.123 0.451 24.546 0.250 RRd     ACS
AndXXVIII -V009 22 32 37.075 +31 12 45.87 0.362 25.453 0.480 24.715 0.396 25.567 0.508 25.196 0.459 24.698 0.403 RRd     ACS
AndXXVIII -V010 22 32 37.332 +31 12 31.50 0.510 25.471 1.147 24.682 0.678 25.596 1.263 25.195 0.936 24.668 0.683 RRab    ACS
AndXXVIII -V011 22 32 37.507 +31 12 31.46 0.366 25.465 0.493 24.722 0.334 25.572 0.554 25.213 0.390 24.706 0.331 RRd     ACS
AndXXVIII -V012 22 32 37.510 +31 11 55.04 0.385 25.482 0.393 24.683 0.227 25.603 0.421 25.208 0.339 24.667 0.226 RRd     ACS
AndXXVIII -V013 22 32 37.975 +31 13 40.09 0.366 25.394 0.541 24.613 0.341 25.508 0.583 25.134 0.478 24.596 0.346 RRc     ACS
AndXXVIII -V014 22 32 37.980 +31 14 01.26 0.369 25.466 0.572 24.647 0.324 25.587 0.626 25.200 0.492 24.631 0.321 RRd     ACS
AndXXVIII -V015 22 32 38.287 +31 14 04.83 0.646 25.412 0.790 24.488 0.301 25.565 0.910 25.092 0.524 24.403 0.483 RRab    ACS
AndXXVIII -V016 22 32 38.614 +31 13 12.52 0.397 25.178 0.574 24.534 0.257 25.271 0.625 24.960 0.491 24.517 0.257 RRc     ACS
AndXXVIII -V017 22 32 38.635 +31 13 34.34 0.558 25.351 1.367 24.601 0.771 25.461 1.476 25.100 1.138 24.585 0.778 RRab    ACS
AndXXVIII -V018 22 32 38.690 +31 14 14.99 0.412 25.353 0.569 24.603 0.251 25.463 0.634 25.097 0.454 24.588 0.257 RRc     ACS
AndXXVIII -V019 22 32 38.837 +31 13 12.22 0.524 25.455 1.076 24.678 0.608 25.571 1.156 25.170 0.809 24.662 0.710 RRab    ACS
AndXXVIII -V020 22 32 39.029 +31 12 51.00 0.651 25.427 0.432 24.543 0.189 25.566 0.493 25.125 0.370 24.528 0.199 RRab    ACS
AndXXVIII -V021 22 32 39.274 +31 12 39.87 0.332 25.439 0.296 24.667 0.250 25.553 0.329 25.168 0.259 24.649 0.254 RRd     ACS
AndXXVIII -V022 22 32 39.346 +31 15 04.97 0.685 25.592 0.938 24.646 0.440 25.750 1.078 25.262 0.744 24.637 0.457 RRab    ACS
AndXXVIII -V023 22 32 39.502 +31 13 06.60 0.635 25.366 0.987 24.471 0.362 25.506 1.110 25.060 0.783 24.461 0.378 RRab    ACS
AndXXVIII -V024 22 32 39.754 +31 12 22.08 0.622 25.368 1.013 24.503 0.565 25.505 1.117 25.070 0.916 24.491 0.577 RRab    ACS
AndXXVIII -V025 22 32 39.790 +31 12 12.61 0.309 25.266 0.320 24.672 0.178 25.348 0.358 25.062 0.253 24.655 0.177 RRc     ACS
AndXXVIII -V026 22 32 39.994 +31 14 04.39 0.646 25.491 0.684 24.576 0.369 25.636 0.771 25.176 0.582 24.565 0.381 RRab    ACS
AndXXVIII -V027 22 32 40.190 +31 12 34.60 0.319 25.330 0.620 24.728 0.275 25.415 0.688 25.128 0.471 24.714 0.258 RRc     ACS
AndXXVIII -V028 22 32 40.303 +31 12 22.34 0.289 25.431 0.503 24.822 0.368 25.514 0.532 25.227 0.441 24.805 0.365 RRc     ACS
AndXXVIII -V029 22 32 40.349 +31 13 25.57 0.433 25.256 0.528 24.489 0.256 25.374 0.586 24.989 0.435 24.472 0.261 RRc     ACS
AndXXVIII -V030 22 32 40.476 +31 13 57.28 0.373 25.395 0.523 24.686 0.274 25.494 0.591 25.155 0.432 24.669 0.272 RRc     ACS
AndXXVIII -V031 22 32 40.646 +31 13 23.17 0.613 25.458 1.088 24.593 0.553 25.594 1.185 25.162 0.935 24.580 0.562 RRab    ACS
AndXXVIII -V032 22 32 40.663 +31 13 05.29 0.556 25.420 1.325 24.612 0.664 25.543 1.454 25.142 1.128 24.599 0.673 RRab    ACS
AndXXVIII -V033 22 32 40.706 +31 12 47.21 0.703 25.348 0.970 24.444 0.551 25.489 1.039 25.042 0.840 24.430 0.567 RRab    ACS
AndXXVIII -V034 22 32 40.762 +31 13 13.03 0.371 25.550 0.233 24.708 0.186 25.679 0.260 25.259 0.209 24.693 0.184 RRd     ACS
AndXXVIII -V035 22 32 40.805 +31 13 46.03 0.281 25.360 0.593 24.629 0.316 25.469 0.699 25.105 0.496 24.611 0.320 RRL?    ACS
AndXXVIII -V036 22 32 40.858 +31 12 26.14 0.570 25.501 1.015 24.648 0.402 25.629 1.160 25.216 0.773 24.631 0.448 RRab    ACS
AndXXVIII -V037 22 32 40.951 +31 12 50.52 0.349 25.415 0.644 24.683 0.318 25.531 0.711 25.153 0.527 24.664 0.347 RRc     ACS
AndXXVIII -V038 22 32 41.064 +31 13 47.18 0.301 25.345 0.490 24.734 0.226 25.432 0.526 25.133 0.403 24.718 0.223 RRc     ACS
AndXXVIII -V039 22 32 41.129 +31 12 39.91 0.301 25.196 0.274 24.612 0.198 25.292 0.262 24.981 0.313 24.598 0.198 RRc     ACS
AndXXVIII -V040 22 32 41.141 +31 12 37.62 0.699 25.404 0.963 24.469 0.449 25.548 1.088 25.091 0.767 24.462 0.465 RRab    ACS
AndXXVIII -V041 22 32 41.275 +31 14 14.17 0.364 25.424 0.744 24.679 0.449 25.532 0.788 25.174 0.595 24.667 0.444 RRd     ACS
AndXXVIII -V042 22 32 41.412 +31 12 28.27 0.763 25.433 0.225 24.417 0.096 25.599 0.267 25.088 0.164 24.412 0.070 RRab    ACS
AndXXVIII -V043 22 32 41.453 +31 12 39.89 0.313 25.354 0.469 24.748 0.249 25.442 0.513 25.141 0.382 24.731 0.261 RRc     ACS
AndXXVIII -V044 22 32 41.484 +31 11 50.99 0.705 25.443 0.763 24.525 0.372 25.587 0.835 25.129 0.643 24.513 0.381 RRab    ACS
AndXXVIII -V045 22 32 41.556 +31 14 43.46 0.389 25.417 0.505 24.686 0.339 25.533 0.578 25.157 0.405 24.680 0.341 RRc     ACS
AndXXVIII -V046 22 32 41.563 +31 12 38.63 0.676 25.292 1.135 24.435 0.580 25.424 1.286 25.011 0.826 24.425 0.571 RRab    ACS
AndXXVIII -V047 22 32 41.614 +31 12 04.60 0.415 25.323 0.508 24.554 0.273 25.437 0.550 25.059 0.430 24.540 0.274 RRc     ACS
AndXXVIII -V048 22 32 41.662 +31 13 32.24 0.615 25.522 0.836 24.591 0.492 25.666 0.933 25.204 0.735 24.579 0.508 RRab    ACS
AndXXVIII -V049 22 32 41.834 +31 13 25.96 1.145 24.346 0.865 23.402 0.385 24.496 0.962 24.025 0.709 23.390 0.397 AC      ACS
AndXXVIII -V050 22 32 41.868 +31 14 32.33 0.342 25.503 0.597 24.789 0.388 25.604 0.663 25.264 0.483 24.771 0.393 RRc     ACS
AndXXVIII -V051 22 32 41.988 +31 13 33.28 0.416 25.485 0.294 24.669 0.136 25.606 0.308 25.200 0.237 24.652 0.139 RRc     ACS
AndXXVIII -V052 22 32 41.993 +31 12 02.21 0.692 25.250 1.174 24.384 0.562 25.382 1.310 24.967 0.873 24.374 0.568 RRab    ACS
AndXXVIII -V053 22 32 42.166 +31 13 00.35 0.349 25.291 0.165 24.630 0.060 25.386 0.179 25.061 0.125 24.608 0.060 RRc     ACS
AndXXVIII -V054 22 32 42.214 +31 12 18.50 0.345 25.479 0.636 24.767 0.345 25.584 0.698 25.235 0.517 24.741 0.358 RRc     ACS
AndXXVIII -V055 22 32 42.257 +31 10 59.55 0.610 25.391 1.188 24.546 0.639 25.528 1.286 25.097 1.009 24.536 0.648 RRab    ACS
AndXXVIII -V056 22 32 42.276 +31 12 41.98 0.509 25.469 1.606 24.733 0.935 25.589 1.759 25.227 1.269 24.720 0.929 RRab    ACS
AndXXVIII -V057 22 32 42.329 +31 11 34.83 0.423 25.248 0.528 24.486 0.260 25.360 0.585 24.987 0.429 24.468 0.265 RRc     ACS
AndXXVIII -V058 22 32 42.372 +31 13 07.80 0.387 25.392 0.581 24.592 0.330 25.515 0.646 25.109 0.470 24.580 0.332 RRc     ACS
AndXXVIII -V059 22 32 42.444 +31 12 25.17 0.346 25.440 0.539 24.733 0.292 25.542 0.594 25.195 0.432 24.717 0.296 RRc     ACS
AndXXVIII -V060 22 32 42.550 +31 13 15.29 0.559 24.373 1.234 23.628 0.633 24.474 1.361 24.130 1.009 23.610 0.647 AC      ACS
AndXXVIII -V061 22 32 42.629 +31 12 30.39 0.310 25.367 0.671 24.746 0.355 25.463 0.718 25.142 0.552 24.726 0.332 RRc     ACS
AndXXVIII -V062 22 32 42.650 +31 12 30.02 0.385 25.433 0.472 24.677 0.212 25.543 0.536 25.177 0.359 24.661 0.212 RRc     ACS
AndXXVIII -V063 22 32 42.694 +31 13 00.11 0.604 25.485 1.201 24.642 0.556 25.615 1.335 25.197 0.976 24.629 0.576 RRab    ACS
AndXXVIII -V064 22 32 42.706 +31 12 53.73 0.729 25.383 0.874 24.440 0.374 25.533 0.967 25.068 0.699 24.430 0.390 RRab    ACS
AndXXVIII -V065 22 32 43.106 +31 12 54.77 0.388 25.389 0.624 24.615 0.294 25.501 0.698 25.127 0.495 24.598 0.303 RRc     ACS
AndXXVIII -V066 22 32 43.414 +31 12 45.19 0.362 25.576 0.530 24.770 0.279 25.693 0.572 25.300 0.423 24.759 0.286 RRd     ACS
AndXXVIII -V067 22 32 43.481 +31 12 32.48 0.572 25.467 1.438 24.659 0.577 25.585 1.599 25.205 1.125 24.656 0.587 RRab    ACS
AndXXVIII -V068 22 32 43.618 +31 14 24.06 1.389 23.413 0.753 22.542 0.426 23.545 0.827 23.114 0.626 22.526 0.442 AC      ACS
AndXXVIII -V069 22 32 43.646 +31 13 19.01 0.730 25.389 0.621 24.446 0.370 25.536 0.675 25.070 0.568 24.433 0.375 RRab    ACS
AndXXVIII -V070 22 32 43.666 +31 13 25.95 0.365 25.566 0.472 24.757 0.240 25.685 0.521 25.291 0.401 24.739 0.238 RRd     ACS
AndXXVIII -V071 22 32 44.189 +31 13 05.48 0.637 25.477 1.175 24.618 0.560 25.613 1.293 25.182 0.966 24.607 0.568 RRab    ACS
AndXXVIII -V072 22 32 44.189 +31 13 17.34 0.546 25.435 1.206 24.628 0.692 25.579 1.317 25.139 0.913 24.602 0.686 RRab    ACS
AndXXVIII -V073 22 32 44.191 +31 13 19.16 0.340 25.464 0.654 24.820 0.279 25.561 0.717 25.247 0.507 24.803 0.264 RRc     ACS
AndXXVIII -V074 22 32 44.455 +31 12 49.65 0.576 25.530 1.008 24.658 0.593 25.664 1.114 25.235 0.824 24.646 0.601 RRab    ACS
AndXXVIII -V075 22 32 44.503 +31 13 17.32 0.331 25.229 0.614 24.600 0.302 25.322 0.687 25.009 0.474 24.582 0.299 RRc     ACS
AndXXVIII -V076 22 32 44.518 +31 14 18.00 0.375 25.541 0.427 24.764 0.239 25.655 0.467 25.274 0.356 24.747 0.238 RRc     ACS
AndXXVIII -V077 22 32 44.726 +31 14 04.98 0.365 25.507 0.485 24.769 0.315 25.616 0.524 25.250 0.420 24.756 0.298 RRc     ACS
AndXXVIII -V078 22 32 44.760 +31 13 18.80 0.726 25.515 0.589 24.544 0.334 25.670 0.653 25.185 0.487 24.535 0.322 RRab    ACS
AndXXVIII -V079 22 32 44.803 +31 13 29.67 0.373 25.465 0.566 24.705 0.271 25.578 0.637 25.206 0.463 24.686 0.281 RRd     ACS
AndXXVIII -V080 22 32 45.065 +31 13 34.53 0.532 25.502 1.393 24.700 0.776 25.624 1.512 25.235 1.136 24.685 0.790 RRab    ACS
AndXXVIII -V081 22 32 45.113 +31 12 47.19 0.366 25.475 0.573 24.688 0.270 25.603 0.599 25.198 0.514 24.671 0.277 RRd     ACS
AndXXVIII -V082 22 32 45.610 +31 13 44.07 0.579 25.477 1.139 24.648 0.744 25.609 1.240 25.184 0.954 24.635 0.755 RRab    ACS
AndXXVIII -V083 22 32 45.941 +31 14 00.96 0.353 25.478 0.590 24.781 0.267 25.576 0.649 25.240 0.449 24.764 0.273 RRc     ACS
AndXXVIII -V084 22 32 45.974 +31 12 57.50 0.371 25.458 0.504 24.727 0.306 25.569 0.553 25.203 0.433 24.709 0.309 RRd     ACS
AndXXVIII -V085 22 32 45.984 +31 13 35.29 0.297 25.497 0.548 24.892 0.328 25.581 0.585 25.295 0.463 24.879 0.323 RRc     ACS
AndXXVIII -V086 22 32 46.178 +31 13 33.81 0.369 25.446 0.421 24.711 0.297 25.561 0.472 25.197 0.341 24.693 0.299 RRd     ACS
AndXXVIII -V087 22 32 46.476 +31 12 56.12 0.409 25.331 0.476 24.583 0.235 25.443 0.530 25.073 0.385 24.567 0.235 RRc     ACS
AndXXVIII -V088 22 32 46.668 +31 13 52.15 0.417 25.382 0.478 24.572 0.433 25.512 0.505 25.098 0.438 24.556 0.435 RRd     ACS
AndXXVIII -V089 22 32 47.304 +31 13 25.53 0.334 25.310 0.562 24.743 0.320 25.390 0.601 25.122 0.464 24.732 0.319 RRc     ACS
AndXXVIII -V090 22 32 49.526 +31 13 35.66 0.322 25.388 0.678 24.749 0.348 25.473 0.744 25.182 0.546 24.732 0.342 RRc     ACS
