AndI     -V001  0 45 09.233 +37 58 47.19 0.569 25.532 1.038 24.692 0.574 25.657 1.137 25.266 0.915 24.677 0.580 RRab    WFC3
AndI     -V002  0 45 09.646 +37 59 48.86 0.567 25.505 0.590 24.737 0.358 25.613 0.669 25.251 0.436 24.719 0.360 RRab    WFC3
AndI     -V003  0 45 09.819 +37 59 32.31 0.296 25.329 0.336 24.831 0.091 25.398 0.392 25.159 0.207 24.819 0.097 RRc     WFC3
AndI     -V004  0 45 10.116 +37 58 44.43 0.598 25.322 1.390 24.607 0.699 25.415 1.605 25.103 0.949 24.599 0.669 RRab    WFC3
AndI     -V005  0 45 10.429 +37 58 56.47 0.585 25.557 0.807 24.733 0.608 25.680 0.864 25.276 0.660 24.722 0.576 RRab    WFC3
AndI     -V006  0 45 11.526 +37 58 45.53 0.349 25.442 1.054 24.806 0.508 25.531 1.120 25.228 0.875 24.790 0.518 RRd     WFC3
AndI     -V007  0 45 12.020 +38 00 25.42 0.352 25.404 0.543 24.762 0.254 25.488 0.603 25.196 0.436 24.748 0.250 RRd     WFC3
AndI     -V008  0 45 12.286 +37 58 45.04 0.791 25.338 0.304 24.450 0.243 25.478 0.321 25.023 0.263 24.421 0.273 RRab    WFC3
AndI     -V009  0 45 13.494 +38 00 57.92 0.353 25.364 0.479 24.714 0.210 25.455 0.545 25.142 0.354 24.699 0.214 RRc     WFC3
AndI     -V010  0 45 13.931 +37 59 21.84 0.581 25.273 1.393 24.614 0.658 25.357 1.550 25.096 0.999 24.611 0.617 RRab    WFC3
AndI     -V011  0 45 14.260 +37 58 40.41 0.479 25.476 1.252 24.849 0.947 25.605 1.300 25.230 1.078 24.836 0.904 RRab    WFC3
AndI     -V012  0 45 14.735 +38 00 35.23 0.623 25.172 1.365 24.434 0.656 25.302 1.483 24.921 1.069 24.421 0.647 RRab    WFC3
AndI     -V013  0 45 15.057 +38 00 50.11 0.515 25.423 1.213 24.688 0.731 25.522 1.350 25.194 0.845 24.681 0.734 RRab    WFC3
AndI     -V014  0 45 15.796 +37 59 31.21 0.359 25.326 0.484 24.685 0.235 25.420 0.530 25.106 0.381 24.670 0.234 RRc     WFC3
AndI     -V015  0 45 16.130 +38 01 24.28 0.703 25.345 0.422 24.430 0.208 25.486 0.463 25.037 0.377 24.416 0.214 RRab    WFC3
AndI     -V016  0 45 16.173 +37 59 27.10 0.644 25.458 0.576 24.553 0.329 25.606 0.634 25.139 0.478 24.538 0.338 RRab    WFC3
AndI     -V017  0 45 16.178 +37 58 57.24 0.640 25.508 0.420 24.633 0.124 25.640 0.489 25.213 0.317 24.622 0.141 RRab    WFC3
AndI     -V018  0 45 16.711 +37 59 41.10 0.301 25.213 0.212 24.726 0.135 25.290 0.222 25.033 0.174 24.718 0.139 RRc     WFC3
AndI     -V019  0 45 16.813 +37 59 09.94 0.564 25.381 1.011 24.679 0.677 25.475 1.142 25.167 0.722 24.666 0.582 RRab    WFC3
AndI     -V020  0 45 17.035 +38 00 02.48 0.574 25.453 1.113 24.692 0.536 25.560 1.257 25.216 0.836 24.685 0.525 RRab    WFC3
AndI     -V021  0 45 17.152 +38 00 25.79 0.532 25.290 1.741 24.632 0.892 25.402 1.870 25.074 1.295 24.623 0.876 RRab    WFC3
AndI     -V022  0 45 17.564 +37 58 56.80 0.638 25.463 0.490 24.627 0.245 25.599 0.565 25.163 0.367 24.613 0.249 RRab    WFC3
AndI     -V023  0 45 17.652 +38 01 27.51 0.614 25.339 0.780 24.505 0.358 25.465 0.879 25.054 0.700 24.486 0.416 RRab    WFC3
AndI     -V024  0 45 17.919 +37 59 36.42 0.568 25.327 0.996 24.572 0.461 25.439 1.100 25.068 0.765 24.557 0.465 RRab    WFC3
AndI     -V025  0 45 18.254 +37 59 58.20 0.639 25.473 0.650 24.630 0.326 25.596 0.757 25.197 0.420 24.619 0.296 RRab    WFC3
AndI     -V026  0 45 18.633 +38 00 46.45 0.326 25.270 0.618 24.644 0.320 25.366 0.687 25.055 0.487 24.632 0.320 RRc     WFC3
AndI     -V027  0 45 19.170 +37 59 01.43 0.533 25.195 1.515 24.628 0.702 25.548 0.872 25.054 0.959 24.635 0.592 RRab    WFC3
AndI     -V028  0 45 19.460 +37 59 29.49 0.357 25.350 0.532 24.703 0.320 25.443 0.603 25.132 0.468 24.688 0.322 RRc     WFC3
AndI     -V029  0 45 19.680 +37 59 59.79 0.524 25.365 0.978 24.661 0.430 25.458 1.099 25.127 0.783 24.643 0.444 RRab    WFC3
AndI     -V030  0 45 20.222 +38 00 41.43 0.596 25.485 0.593 24.651 0.338 25.615 0.667 25.203 0.526 24.637 0.301 RRab    WFC3
AndI     -V031  0 45 20.412 +37 59 25.26 0.574 25.428 0.923 24.662 0.526 25.543 1.014 25.171 0.744 24.647 0.522 RRab    WFC3
AndI     -V032  0 45 21.513 +37 59 52.55 0.571 25.472 0.927 24.709 0.304 25.585 1.019 25.209 0.674 24.665 0.382 RRab    WFC3
AndI     -V033  0 45 21.596 +37 59 52.31 0.590 25.469 0.886 24.666 0.465 25.594 0.976 25.197 0.721 24.651 0.467 RRab    WFC3
AndI     -V034  0 45 21.932 +37 59 38.58 0.352 25.413 0.573 24.753 0.363 25.517 0.629 25.174 0.412 24.736 0.357 RRd     WFC3
AndI     -V035  0 45 22.139 +37 59 20.96 0.596 25.532 0.793 24.711 0.405 25.658 0.877 25.251 0.637 24.697 0.403 RRab    WFC3
AndI     -V036  0 45 32.864 +38 01 27.97 0.571 25.490 1.134 24.752 0.549 25.604 1.224 25.212 0.910 24.737 0.545 RRab    ACS
AndI     -V037  0 45 33.039 +38 01 48.02 0.550 25.506 0.939 24.740 0.390 25.616 1.054 25.246 0.673 24.724 0.398 RRab    ACS
AndI     -V038  0 45 33.254 +38 01 33.00 0.537 25.466 1.503 24.755 0.805 25.564 1.621 25.252 1.211 24.745 0.807 RRab    ACS
AndI     -V039  0 45 33.414 +38 01 31.61 0.622 25.564 0.675 24.713 0.438 25.701 0.713 25.264 0.611 24.698 0.442 RRab    ACS
AndI     -V040  0 45 33.438 +38 01 57.06 0.505 25.448 0.905 24.729 0.436 25.565 1.007 25.191 0.649 24.716 0.430 RRab    ACS
AndI     -V041  0 45 33.520 +38 01 22.96 0.578 25.555 1.041 24.772 0.459 25.674 1.156 25.283 0.834 24.758 0.464 RRab    ACS
AndI     -V042  0 45 33.642 +38 01 51.55 0.534 25.464 1.109 24.733 0.649 25.575 1.220 25.229 1.050 24.730 0.674 RRab    ACS
AndI     -V043  0 45 33.863 +38 02 00.18 0.571 25.459 1.094 24.673 0.518 25.582 1.211 25.189 0.837 24.661 0.514 RRab    ACS
AndI     -V044  0 45 33.900 +38 01 39.55 0.532 25.471 1.171 24.721 0.738 25.578 1.275 25.220 0.981 24.705 0.740 RRab    ACS
AndI     -V045  0 45 34.105 +38 01 59.97 0.429 25.396 0.243 24.448 0.193 25.551 0.267 25.068 0.213 24.436 0.196 RRd     ACS
AndI     -V046  0 45 34.233 +38 02 03.93 0.504 25.390 1.608 24.744 0.664 25.522 1.673 25.140 1.366 24.728 0.667 RRab    ACS
AndI     -V047  0 45 34.242 +38 01 45.00 0.803 25.293 0.463 24.427 0.284 25.427 0.498 24.995 0.404 24.413 0.288 RRab    ACS
AndI     -V048  0 45 34.272 +38 02 33.80 0.635 25.156 0.657 23.970 0.213 25.362 0.782 24.764 0.490 23.973 0.232 RRab    ACS
AndI     -V049  0 45 34.345 +38 02 06.98 0.550 25.447 1.305 24.706 0.622 25.561 1.446 25.240 1.015 24.697 0.639 RRab    ACS
AndI     -V050  0 45 34.526 +38 01 26.82 0.337 25.483 0.295 24.774 0.122 25.583 0.330 25.237 0.226 24.757 0.121 RRd     ACS
AndI     -V051  0 45 34.655 +38 01 30.75 0.672 25.374 1.023 24.541 0.490 25.500 1.131 25.093 0.826 24.527 0.498 RRab    ACS
AndI     -V052  0 45 34.845 +38 01 14.15 0.561 25.479 1.284 24.740 0.725 25.585 1.399 25.239 1.052 24.730 0.700 RRab    ACS
AndI     -V053  0 45 34.893 +38 02 03.49 0.616 25.801 0.702 24.927 0.408 25.933 0.766 25.506 0.599 24.926 0.393 GSS-RRL ACS
AndI     -V054  0 45 34.902 +38 02 17.78 0.334 25.319 0.665 24.737 0.415 25.401 0.698 25.129 0.573 24.723 0.410 RRc     ACS
AndI     -V055  0 45 35.164 +38 02 23.42 0.596 25.483 0.707 24.664 0.482 25.612 0.782 25.193 0.620 24.648 0.481 RRab    ACS
AndI     -V056  0 45 35.190 +38 01 24.40 0.560 25.484 1.197 24.657 0.671 25.599 1.350 25.210 0.965 24.645 0.673 RRab    ACS
AndI     -V057  0 45 35.534 +38 01 15.01 0.692 25.243 0.905 24.434 0.580 25.353 1.046 24.988 0.757 24.424 0.586 RRab    ACS
AndI     -V058  0 45 35.659 +38 01 20.72 0.360 25.418 0.455 24.770 0.299 25.511 0.484 25.195 0.390 24.753 0.301 RRc     ACS
AndI     -V059  0 45 35.704 +38 02 37.44 0.595 25.453 0.990 24.633 0.415 25.578 1.088 25.176 0.810 24.621 0.405 RRab    ACS
AndI     -V060  0 45 35.779 +38 02 29.65 0.578 25.413 0.859 24.614 0.455 25.538 0.961 25.132 0.664 24.598 0.586 RRab    ACS
AndI     -V061  0 45 35.799 +38 03 02.81 0.332 25.265 0.594 24.729 0.273 25.346 0.661 25.076 0.477 24.711 0.247 RRc     ACS
AndI     -V062  0 45 35.846 +38 03 09.16 0.654 25.442 0.560 24.579 0.177 25.578 0.635 25.152 0.391 24.541 0.223 RRab    ACS
AndI     -V063  0 45 35.927 +38 03 18.90 0.658 25.165 0.960 24.314 0.616 25.292 1.047 24.886 0.816 24.300 0.620 RRab    ACS
AndI     -V064  0 45 36.125 +38 03 25.60 0.662 25.487 0.355 24.603 0.199 25.628 0.384 25.181 0.276 24.591 0.210 RRab    ACS
AndI     -V065  0 45 36.225 +38 01 36.05 0.675 25.265 0.735 24.464 0.543 25.385 0.784 24.991 0.652 24.447 0.548 RRab    ACS
AndI     -V066  0 45 36.643 +38 03 59.94 0.669 25.599 0.517 24.637 0.282 25.750 0.577 25.277 0.414 24.624 0.285 RRab    ACS
AndI     -V067  0 45 36.673 +38 01 29.38 0.568 25.521 0.774 24.692 0.663 25.649 0.823 25.196 0.903 24.676 0.674 RRab    ACS
AndI     -V068  0 45 36.694 +38 01 25.06 0.590 25.412 0.871 24.662 0.553 25.530 0.957 25.145 0.760 24.644 0.548 RRab    ACS
AndI     -V069  0 45 36.742 +38 03 35.81 0.582 25.477 1.096 24.626 0.466 25.606 1.244 25.184 0.869 24.614 0.474 RRab    ACS
AndI     -V070  0 45 36.753 +38 02 24.26 0.645 25.396 0.660 24.538 0.311 25.546 0.713 25.090 0.479 24.514 0.307 RRab    ACS
AndI     -V071  0 45 36.882 +38 01 16.94 0.296 25.365 0.662 24.842 0.384 25.444 0.749 25.177 0.519 24.831 0.379 RRc     ACS
AndI     -V072  0 45 36.935 +38 01 24.54 0.548 25.371 1.291 24.636 0.756 25.484 1.392 25.131 1.065 24.623 0.751 RRab    ACS
AndI     -V073  0 45 37.174 +38 02 43.13 0.575 25.363 1.320 24.633 0.653 25.472 1.427 25.113 1.130 24.618 0.655 RRab    ACS
AndI     -V074  0 45 37.454 +38 01 18.32 0.620 25.475 0.875 24.659 0.472 25.602 0.954 25.191 0.743 24.645 0.480 RRab    ACS
AndI     -V075  0 45 37.506 +38 02 52.81 0.563 25.409 1.154 24.662 0.667 25.519 1.255 25.149 0.973 24.647 0.665 RRab    ACS
AndI     -V076  0 45 37.506 +38 02 13.22 0.710 25.626 0.249 24.621 0.061 25.796 0.287 25.278 0.194 24.609 0.069 RRab    ACS
AndI     -V077  0 45 37.538 +38 02 02.00 0.481 25.422 1.475 24.764 0.755 25.518 1.600 25.184 1.239 24.749 0.754 RRab    ACS
AndI     -V078  0 45 37.609 +38 01 52.35 0.614 25.461 0.786 24.558 0.412 25.592 0.883 25.168 0.630 24.545 0.418 RRab    ACS
AndI     -V079  0 45 37.621 +38 02 33.00 0.524 25.427 1.230 24.698 0.637 25.534 1.341 25.182 1.004 24.685 0.638 RRab    ACS
AndI     -V080  0 45 37.642 +38 01 09.41 0.592 25.672 1.210 24.841 0.601 25.802 1.327 25.386 1.031 24.826 0.639 RRab    ACS
AndI     -V081  0 45 37.656 +38 03 58.64 0.642 25.414 0.585 24.557 0.331 25.546 0.644 25.125 0.513 24.543 0.338 RRab    ACS
AndI     -V082  0 45 37.717 +38 01 02.00 0.362 25.226 0.615 24.624 0.321 25.316 0.670 25.007 0.499 24.607 0.318 RRc     ACS
AndI     -V083  0 45 37.728 +38 03 51.35 0.616 25.306 0.886 24.471 0.577 25.437 0.947 25.051 0.668 24.456 0.585 RRab    ACS
AndI     -V084  0 45 37.759 +38 02 32.65 0.366 25.363 0.432 24.678 0.236 25.468 0.475 25.129 0.351 24.662 0.233 RRd     ACS
AndI     -V085  0 45 37.776 +38 01 51.36 0.356 25.477 0.448 24.804 0.227 25.575 0.487 25.258 0.340 24.786 0.225 RRc     ACS
AndI     -V086  0 45 37.781 +38 01 30.91 0.546 25.446 1.276 24.654 0.669 25.566 1.377 25.179 1.091 24.639 0.605 RRab    ACS
AndI     -V087  0 45 37.785 +38 03 41.12 0.568 25.317 0.944 24.541 0.434 25.438 1.030 25.042 0.778 24.525 0.433 RRab    ACS
AndI     -V088  0 45 37.856 +38 02 16.10 0.755 25.212 0.821 24.369 0.470 25.343 0.880 24.923 0.720 24.354 0.474 RRab    ACS
AndI     -V089  0 45 37.886 +38 03 28.52 0.690 25.313 0.679 24.473 0.329 25.443 0.762 25.022 0.545 24.453 0.324 RRab    ACS
AndI     -V090  0 45 37.915 +38 02 56.52 0.815 25.288 0.625 24.380 0.359 25.423 0.677 24.980 0.522 24.368 0.370 RRab    ACS
AndI     -V091  0 45 37.934 +38 04 27.86 0.590 25.522 1.197 24.690 0.479 25.651 1.348 25.239 0.938 24.678 0.467 RRab    ACS
AndI     -V092  0 45 37.988 +38 03 57.60 0.700 25.417 0.582 24.516 0.243 25.565 0.708 25.105 0.397 24.504 0.254 RRab    ACS
AndI     -V093  0 45 38.015 +38 02 24.76 0.313 25.287 0.727 24.744 0.339 25.361 0.792 25.111 0.567 24.743 0.413 RRc     ACS
AndI     -V094  0 45 38.040 +38 01 34.27 0.531 25.453 1.383 24.682 0.777 25.562 1.512 25.206 1.129 24.604 0.670 RRab    ACS
AndI     -V095  0 45 38.050 +38 03 55.13 0.848 25.211 0.179 24.305 0.153 25.356 0.196 24.893 0.162 24.290 0.156 RRab    ACS
AndI     -V096  0 45 38.154 +38 02 12.53 0.511 25.485 1.448 24.732 0.627 25.598 1.609 25.230 1.149 24.716 0.640 RRab    ACS
AndI     -V097  0 45 38.197 +38 01 15.03 0.339 25.343 0.613 24.741 0.381 25.423 0.666 25.150 0.495 24.740 0.295 RRc     ACS
AndI     -V098  0 45 38.254 +38 02 17.85 0.602 25.504 0.571 24.611 0.327 25.642 0.623 25.203 0.472 24.614 0.344 RRab    ACS
AndI     -V099  0 45 38.461 +38 03 18.74 0.518 25.323 1.155 24.643 0.723 25.421 1.249 25.089 1.073 24.629 0.723 RRab    ACS
AndI     -V100  0 45 38.571 +38 01 45.62 0.570 25.446 1.136 24.651 0.547 25.569 1.242 25.167 0.929 24.637 0.556 RRab    ACS
AndI     -V101  0 45 38.637 +38 02 14.43 0.578 25.429 1.085 24.590 0.685 25.557 1.192 25.159 0.865 24.579 0.682 RRab    ACS
AndI     -V102  0 45 38.673 +38 04 20.52 0.362 25.423 0.497 24.726 0.233 25.529 0.541 25.181 0.417 24.709 0.231 RRc     ACS
AndI     -V103  0 45 38.729 +38 02 46.87 0.646 25.419 0.353 24.534 0.086 25.563 0.412 25.110 0.317 24.508 0.138 RRab    ACS
AndI     -V104  0 45 38.746 +38 02 51.24 0.528 25.441 1.340 24.693 0.969 25.533 1.446 25.222 1.143 24.699 0.921 RRab    ACS
AndI     -V105  0 45 38.768 +38 01 51.97 0.638 25.553 0.570 24.651 0.300 25.696 0.636 25.243 0.465 24.635 0.319 RRab    ACS
AndI     -V106  0 45 38.824 +38 01 37.34 0.635 25.384 0.558 24.518 0.282 25.518 0.610 25.086 0.472 24.503 0.290 RRab    ACS
AndI     -V107  0 45 38.826 +38 03 08.55 0.366 25.397 0.488 24.711 0.240 25.493 0.542 25.165 0.394 24.693 0.237 RRd     ACS
AndI     -V108  0 45 38.845 +38 02 59.60 0.643 25.527 0.499 24.677 0.242 25.657 0.549 25.236 0.423 24.658 0.234 RRab    ACS
AndI     -V109  0 45 38.866 +38 01 14.27 0.372 25.375 0.642 24.676 0.601 25.469 0.705 25.145 0.516 24.687 0.345 RRd     ACS
AndI     -V110  0 45 38.891 +38 04 32.03 0.327 25.946 0.540 25.335 0.327 26.027 0.587 25.737 0.447 25.319 0.345 GSS-RRL ACS
AndI     -V111  0 45 39.046 +38 01 02.72 0.540 25.425 1.161 24.684 0.716 25.519 1.307 25.156 1.013 24.672 0.711 RRab    ACS
AndI     -V112  0 45 39.054 +38 04 11.73 0.364 25.366 0.521 24.706 0.266 25.460 0.573 25.142 0.418 24.688 0.269 RRd     ACS
AndI     -V113  0 45 39.114 +38 03 27.09 0.477 25.775 1.476 25.085 0.700 25.876 1.615 25.547 1.201 25.070 0.696 GSS-RRL ACS
AndI     -V114  0 45 39.151 +38 02 34.50 0.253 25.542 0.401 25.004 0.222 25.630 0.461 25.339 0.303 24.991 0.219 RRc     ACS
AndI     -V115  0 45 39.166 +38 01 47.63 0.625 25.479 0.604 24.578 0.426 25.623 0.649 25.172 0.533 24.565 0.428 RRab    ACS
AndI     -V116  0 45 39.221 +38 01 05.22 0.357 25.450 0.373 24.759 0.257 25.546 0.402 25.216 0.305 24.742 0.255 RRd     ACS
AndI     -V117  0 45 39.260 +38 03 00.96 0.301 25.336 0.479 24.809 0.274 25.414 0.509 25.156 0.407 24.801 0.256 RRc     ACS
AndI     -V118  0 45 39.271 +38 03 33.55 0.349 25.366 0.496 24.711 0.303 25.461 0.540 25.142 0.397 24.695 0.301 RRc     ACS
AndI     -V119  0 45 39.621 +38 01 45.85 0.696 25.237 0.886 24.408 0.627 25.372 1.020 24.951 0.719 24.399 0.633 RRab    ACS
AndI     -V120  0 45 39.621 +38 03 42.90 0.650 25.443 0.495 24.591 0.257 25.581 0.556 25.143 0.401 24.576 0.265 RRab    ACS
AndI     -V121  0 45 39.659 +38 04 24.66 0.635 25.547 0.417 24.658 0.214 25.688 0.468 25.241 0.321 24.645 0.229 RRab    ACS
AndI     -V122  0 45 39.679 +38 02 43.21 0.771 25.225 0.871 24.384 0.429 25.357 0.954 24.930 0.746 24.371 0.432 RRab    ACS
AndI     -V123  0 45 39.681 +38 02 54.91 0.596 25.478 0.766 24.656 0.290 25.605 0.842 25.211 0.628 24.629 0.316 RRab    ACS
AndI     -V124  0 45 39.688 +38 00 52.19 0.649 25.505 0.385 24.599 0.196 25.646 0.432 25.195 0.309 24.586 0.207 RRab    ACS
AndI     -V125  0 45 39.784 +38 00 54.12 0.611 25.402 1.099 24.540 0.663 25.517 1.210 25.155 0.861 24.527 0.664 RRab    ACS
AndI     -V126  0 45 39.863 +38 02 34.13 0.351 25.403 0.528 24.717 0.255 25.501 0.566 25.171 0.442 24.701 0.255 RRd     ACS
AndI     -V127  0 45 39.989 +38 01 23.03 0.589 25.536 0.584 24.692 0.361 25.661 0.632 25.242 0.476 24.678 0.384 RRab    ACS
AndI     -V128  0 45 39.995 +38 02 48.39 0.518 25.557 1.288 24.818 0.701 25.673 1.389 25.299 1.109 24.805 0.696 RRab    ACS
AndI     -V129  0 45 40.033 +38 03 08.31 0.545 25.363 1.104 24.641 0.472 25.487 1.262 25.077 0.920 24.641 0.502 RRab    ACS
AndI     -V130  0 45 40.043 +38 03 29.99 0.449 25.517 1.598 24.921 0.690 25.589 1.798 25.311 1.280 24.910 0.684 RRab    ACS
AndI     -V131  0 45 40.205 +38 03 23.62 0.581 25.336 0.933 24.586 0.506 25.450 1.011 25.083 0.849 24.568 0.507 RRab    ACS
AndI     -V132  0 45 40.232 +38 04 12.13 0.639 25.505 0.565 24.619 0.261 25.645 0.666 25.198 0.406 24.605 0.262 RRab    ACS
AndI     -V133  0 45 40.270 +38 02 02.13 0.637 25.425 0.577 24.583 0.288 25.554 0.639 25.137 0.476 24.567 0.318 RRab    ACS
AndI     -V134  0 45 40.277 +38 01 18.79 0.366 25.162 0.608 24.628 0.291 25.241 0.645 24.967 0.533 24.609 0.324 RRc     ACS
AndI     -V135  0 45 40.302 +38 03 47.75 0.338 25.382 0.562 24.761 0.324 25.462 0.635 25.181 0.441 24.743 0.327 RRc     ACS
AndI     -V136  0 45 40.351 +38 02 42.06 0.692 25.300 0.633 24.434 0.296 25.439 0.704 25.003 0.563 24.422 0.333 RRab    ACS
AndI     -V137  0 45 40.467 +38 01 25.71 0.599 25.417 0.882 24.629 0.464 25.532 0.966 25.152 0.736 24.611 0.469 RRab    ACS
AndI     -V138  0 45 40.505 +38 02 28.82 0.561 25.481 0.992 24.652 0.459 25.618 1.101 25.201 0.718 24.640 0.472 RRab    ACS
AndI     -V139  0 45 40.565 +38 01 28.97 0.592 25.482 0.946 24.674 0.402 25.609 1.049 25.209 0.739 24.662 0.408 RRab    ACS
AndI     -V140  0 45 40.757 +38 00 53.85 0.615 25.506 0.756 24.674 0.370 25.636 0.839 25.216 0.615 24.660 0.378 RRab    ACS
AndI     -V141  0 45 40.868 +38 02 15.28 0.676 25.217 1.076 24.424 0.571 25.340 1.170 24.944 0.924 24.410 0.575 RRab    ACS
AndI     -V142  0 45 40.887 +38 01 53.82 0.612 25.482 0.813 24.657 0.423 25.617 0.888 25.190 0.697 24.644 0.432 RRab    ACS
AndI     -V143  0 45 40.904 +38 03 00.76 0.358 25.499 0.538 24.886 0.290 25.596 0.612 25.283 0.397 24.871 0.287 RRc     ACS
AndI     -V144  0 45 40.909 +38 02 18.24 0.578 25.552 1.090 24.684 0.660 25.682 1.178 25.252 0.963 24.671 0.680 RRab    ACS
AndI     -V145  0 45 40.915 +38 03 25.55 0.619 25.474 0.724 24.639 0.367 25.598 0.811 25.192 0.578 24.633 0.344 RRab    ACS
AndI     -V146  0 45 40.924 +38 01 55.60 0.515 25.390 1.429 24.716 0.772 25.490 1.545 25.162 1.211 24.702 0.765 RRab    ACS
AndI     -V147  0 45 40.944 +38 03 33.81 0.352 25.388 0.586 24.711 0.294 25.487 0.641 25.153 0.487 24.697 0.310 RRc     ACS
AndI     -V148  0 45 40.956 +38 02 28.08 0.296 25.328 0.676 24.760 0.400 25.426 0.722 25.111 0.574 24.746 0.391 RRc     ACS
AndI     -V149  0 45 40.981 +38 00 59.45 0.614 25.273 1.330 24.539 0.701 25.376 1.451 25.032 1.106 24.524 0.698 RRab    ACS
AndI     -V150  0 45 41.043 +38 03 58.59 0.562 25.459 0.561 24.690 0.225 25.582 0.645 25.183 0.426 24.663 0.267 RRab    ACS
AndI     -V151  0 45 41.052 +38 02 03.79 0.569 25.435 1.094 24.651 0.519 25.593 1.082 25.133 1.027 24.636 0.535 RRab    ACS
AndI     -V152  0 45 41.065 +38 04 19.07 0.274 25.374 0.716 24.729 0.286 25.465 0.779 25.153 0.556 24.714 0.281 RRc     ACS
AndI     -V153  0 45 41.092 +38 02 04.47 0.569 25.350 1.200 24.592 0.739 25.454 1.321 25.106 0.986 24.576 0.752 RRab    ACS
AndI     -V154  0 45 41.105 +38 03 04.51 0.746 25.341 0.284 24.431 0.149 25.486 0.330 25.026 0.204 24.418 0.152 RRab    ACS
AndI     -V155  0 45 41.329 +38 03 16.49 0.575 25.390 1.055 24.610 0.510 25.515 1.150 25.111 0.893 24.597 0.520 RRab    ACS
AndI     -V156  0 45 41.481 +38 02 57.98 0.483 25.374 1.518 24.738 0.705 25.461 1.649 25.173 1.231 24.732 0.669 RRab    ACS
AndI     -V157  0 45 41.519 +38 01 34.56 0.355 25.221 0.607 24.631 0.363 25.308 0.651 25.009 0.494 24.615 0.365 RRc     ACS
AndI     -V158  0 45 41.548 +38 01 36.65 0.815 26.188 0.028 25.182 0.215 26.364 0.146 25.845 0.098 25.173 0.212 EB      ACS
AndI     -V159  0 45 41.570 +38 04 07.44 0.612 25.448 0.822 24.604 0.482 25.568 0.907 25.164 0.691 24.593 0.482 RRab    ACS
AndI     -V160  0 45 41.572 +38 03 09.97 0.509 25.419 1.400 24.761 0.716 25.528 1.443 25.206 1.096 24.749 0.718 RRab    ACS
AndI     -V161  0 45 41.633 +38 03 18.40 0.577 25.407 1.112 24.671 0.446 25.521 1.231 25.191 0.802 24.659 0.444 RRab    ACS
AndI     -V162  0 45 41.650 +38 03 18.57 0.350 25.368 0.486 24.761 0.264 25.450 0.533 25.175 0.388 24.744 0.261 RRc     ACS
AndI     -V163  0 45 41.710 +38 04 16.69 0.659 25.490 0.870 24.656 0.391 25.616 0.963 25.206 0.714 24.642 0.397 RRab    ACS
AndI     -V164  0 45 41.804 +38 03 30.96 0.520 25.393 1.101 24.668 0.687 25.497 1.184 25.156 0.871 24.653 0.686 RRab    ACS
AndI     -V165  0 45 41.875 +38 01 36.84 0.611 25.281 0.932 24.461 0.459 25.406 1.018 24.999 0.782 24.448 0.467 RRab    ACS
AndI     -V166  0 45 41.913 +38 02 13.67 0.522 25.370 1.201 24.614 0.749 25.478 1.295 25.086 1.313 24.599 0.745 RRab    ACS
AndI     -V167  0 45 41.915 +38 03 31.55 0.570 25.407 0.988 24.668 0.610 25.520 1.090 25.139 0.928 24.654 0.605 RRab    ACS
AndI     -V168  0 45 41.944 +38 00 37.31 0.434 25.337 0.340 24.626 0.202 25.442 0.370 25.092 0.282 24.609 0.203 RRc     ACS
AndI     -V169  0 45 41.965 +38 02 35.86 0.541 25.497 1.282 24.758 0.678 25.618 1.420 25.239 0.989 24.748 0.673 RRab    ACS
AndI     -V170  0 45 42.049 +38 01 10.84 0.592 25.442 0.893 24.641 0.564 25.565 0.971 25.165 0.737 24.624 0.566 RRab    ACS
AndI     -V171  0 45 42.136 +38 02 44.90 0.580 25.376 1.032 24.614 0.568 25.488 1.102 25.118 0.892 24.601 0.578 RRab    ACS
AndI     -V172  0 45 42.173 +38 02 47.58 0.607 25.352 1.199 24.569 0.658 25.462 1.348 25.098 1.000 24.556 0.654 RRab    ACS
AndI     -V173  0 45 42.174 +38 03 47.85 0.369 25.356 0.553 24.702 0.291 25.446 0.603 25.134 0.466 24.684 0.288 RRc     ACS
AndI     -V174  0 45 42.293 +38 02 52.48 0.337 25.145 0.517 24.551 0.235 25.228 0.563 24.944 0.423 24.536 0.232 RRc     ACS
AndI     -V175  0 45 42.301 +38 02 01.13 0.543 25.433 1.136 24.710 0.619 25.527 1.231 25.186 0.925 24.700 0.612 RRab    ACS
AndI     -V176  0 45 42.310 +38 03 00.19 0.707 25.319 0.825 24.415 0.481 25.458 0.897 24.989 0.743 24.401 0.493 RRab    ACS
AndI     -V177  0 45 42.411 +38 02 05.13 0.357 25.400 0.534 24.703 0.234 25.500 0.591 25.163 0.423 24.687 0.263 RRc     ACS
AndI     -V178  0 45 42.442 +38 01 22.84 0.672 25.379 0.904 24.493 0.311 25.514 1.030 25.082 0.686 24.482 0.320 RRab    ACS
AndI     -V179  0 45 42.493 +38 03 35.52 0.570 25.415 1.064 24.632 0.535 25.529 1.150 25.165 0.946 24.618 0.539 RRab    ACS
AndI     -V180  0 45 42.512 +38 00 59.00 0.595 25.486 0.864 24.642 0.381 25.612 0.954 25.203 0.709 24.628 0.391 RRab    ACS
AndI     -V181  0 45 42.554 +38 03 29.25 0.355 25.337 0.578 24.744 0.384 25.430 0.638 25.121 0.485 24.721 0.319 RRd     ACS
AndI     -V182  0 45 42.579 +38 03 00.93 0.386 25.293 0.527 24.629 0.348 25.421 0.519 25.035 0.537 24.612 0.349 RRc     ACS
AndI     -V183  0 45 42.588 +38 01 05.77 0.613 25.304 1.318 24.575 0.708 25.408 1.408 25.057 1.122 24.559 0.718 RRab    ACS
AndI     -V184  0 45 42.598 +38 01 04.41 0.521 25.432 1.409 24.722 0.683 25.534 1.524 25.195 1.174 24.707 0.680 RRab    ACS
AndI     -V185  0 45 42.601 +38 02 44.42 0.349 24.984 0.601 24.376 0.273 25.070 0.670 24.776 0.462 24.359 0.268 RRc     ACS
AndI     -V186  0 45 42.637 +38 03 14.63 0.429 25.175 0.474 24.482 0.310 25.278 0.530 24.935 0.385 24.463 0.311 RRc     ACS
AndI     -V187  0 45 42.644 +38 02 53.61 0.603 25.508 0.701 24.664 0.426 25.634 0.769 25.227 0.583 24.651 0.423 RRab    ACS
AndI     -V188  0 45 42.647 +38 02 56.13 0.511 25.361 1.434 24.676 0.763 25.461 1.561 25.130 1.176 24.664 0.761 RRab    ACS
AndI     -V189  0 45 42.743 +38 03 23.72 0.536 25.407 1.219 24.624 0.719 25.512 1.455 25.158 0.839 24.640 0.559 RRab    ACS
AndI     -V190  0 45 42.768 +38 02 42.84 0.531 25.390 1.325 24.659 0.682 25.504 1.440 25.133 1.121 24.645 0.684 RRab    ACS
AndI     -V191  0 45 42.845 +38 03 28.94 0.585 25.366 1.147 24.600 0.444 25.456 1.345 25.114 0.877 24.587 0.454 RRab    ACS
AndI     -V192  0 45 42.913 +38 03 39.90 0.500 25.281 1.558 24.742 0.655 25.361 1.705 25.086 1.263 24.732 0.646 RRab    ACS
AndI     -V193  0 45 42.924 +38 02 39.05 0.602 25.419 0.887 24.570 0.345 25.552 0.979 25.123 0.728 24.557 0.355 RRab    ACS
AndI     -V194  0 45 42.972 +38 04 07.24 0.628 25.545 0.665 24.697 0.382 25.675 0.719 25.252 0.582 24.682 0.389 RRab    ACS
AndI     -V195  0 45 42.972 +38 03 19.86 0.577 25.306 1.275 24.600 0.660 25.405 1.402 25.068 1.072 24.586 0.659 RRab    ACS
AndI     -V196  0 45 43.020 +38 02 28.72 0.653 25.493 0.580 24.618 0.368 25.630 0.640 25.198 0.543 24.604 0.376 RRab    ACS
AndI     -V197  0 45 43.028 +38 02 17.59 0.566 25.441 1.095 24.720 0.669 25.548 1.164 25.197 0.939 24.705 0.669 RRab    ACS
AndI     -V198  0 45 43.052 +38 01 01.49 0.344 25.209 0.582 24.663 0.353 25.283 0.632 25.022 0.495 24.649 0.345 RRc     ACS
AndI     -V199  0 45 43.152 +38 01 24.56 0.516 25.376 1.232 24.699 0.767 25.473 1.339 25.147 1.002 24.685 0.762 RRab    ACS
AndI     -V200  0 45 43.294 +38 02 34.08 0.600 25.477 0.388 24.606 0.216 25.610 0.429 25.174 0.329 24.591 0.227 RRab    ACS
AndI     -V201  0 45 43.317 +38 01 59.35 0.616 25.290 0.915 24.438 0.608 25.510 0.794 25.110 0.539 24.381 0.824 RRab    ACS
AndI     -V202  0 45 43.330 +38 02 54.20 0.368 25.388 0.770 24.728 0.293 25.490 0.837 25.156 0.597 24.702 0.328 RRd     ACS
AndI     -V203  0 45 43.379 +38 03 29.97 0.663 25.290 0.990 24.474 0.526 25.417 1.090 25.007 0.793 24.459 0.531 RRab    ACS
AndI     -V204  0 45 43.467 +38 00 49.28 0.580 25.409 0.995 24.624 0.460 25.523 1.113 25.147 0.875 24.611 0.466 RRab    ACS
AndI     -V205  0 45 43.589 +38 03 03.46 0.692 25.172 1.192 24.403 0.672 25.296 1.350 24.900 0.924 24.391 0.671 RRab    ACS
AndI     -V206  0 45 43.603 +38 00 47.42 0.362 25.453 0.401 24.722 0.272 25.557 0.422 25.201 0.335 24.702 0.272 RRd     ACS
AndI     -V207  0 45 43.646 +38 03 27.28 0.643 25.498 0.512 24.639 0.231 25.631 0.572 25.208 0.383 24.625 0.234 RRab    ACS
AndI     -V208  0 45 43.684 +38 03 49.57 0.361 25.395 0.470 24.669 0.275 25.503 0.511 25.147 0.398 24.652 0.276 RRd     ACS
AndI     -V209  0 45 43.713 +38 03 05.03 0.533 25.446 1.174 24.658 0.583 25.575 1.251 24.963 1.507 24.641 0.588 RRab    ACS
AndI     -V210  0 45 43.838 +38 03 25.02 0.511 25.293 1.487 24.648 0.724 25.391 1.637 25.071 1.170 24.639 0.723 RRab    ACS
AndI     -V211  0 45 43.855 +38 01 43.87 0.353 25.291 0.676 24.681 0.475 25.379 0.734 25.087 0.536 24.671 0.423 RRc     ACS
AndI     -V212  0 45 44.007 +38 02 25.81 0.364 25.548 0.415 24.877 0.257 25.643 0.471 25.320 0.306 24.861 0.250 RRc     ACS
AndI     -V213  0 45 44.040 +38 01 04.09 0.549 25.422 0.959 24.687 0.449 25.532 1.037 25.172 0.907 24.671 0.452 RRab    ACS
AndI     -V214  0 45 44.183 +38 01 37.46 0.359 25.368 0.366 24.704 0.196 25.463 0.411 25.146 0.265 24.687 0.193 RRc     ACS
AndI     -V215  0 45 44.203 +38 00 49.45 0.634 25.413 0.880 24.577 0.595 25.539 0.954 25.136 0.722 24.565 0.589 RRab    ACS
AndI     -V216  0 45 44.314 +38 02 31.70 0.689 25.178 0.792 24.383 0.420 25.302 0.868 24.902 0.707 24.368 0.426 RRab    ACS
AndI     -V217  0 45 44.361 +38 00 33.96 0.674 25.285 1.023 24.496 0.465 25.404 1.151 25.019 0.797 24.482 0.473 RRab    ACS
AndI     -V218  0 45 44.396 +38 00 22.65 0.566 25.529 0.650 24.707 0.359 25.672 0.741 25.227 0.588 24.693 0.374 RRab    ACS
AndI     -V219  0 45 44.397 +38 01 18.54 0.633 25.474 0.647 24.624 0.271 25.612 0.725 25.175 0.482 24.609 0.279 RRab    ACS
AndI     -V220  0 45 44.428 +38 02 43.49 0.531 25.326 1.309 24.574 0.708 25.420 1.456 25.099 0.974 24.616 0.535 RRab    ACS
AndI     -V221  0 45 44.451 +38 02 38.24 0.713 25.356 0.314 24.443 0.136 25.499 0.354 25.043 0.255 24.428 0.144 RRab    ACS
AndI     -V222  0 45 44.897 +38 03 25.25 0.667 25.317 1.027 24.493 0.605 25.444 1.102 25.032 0.899 24.479 0.612 RRab    ACS
AndI     -V223  0 45 44.921 +38 02 26.02 0.502 25.368 1.056 24.635 0.575 25.474 1.138 25.121 0.897 24.619 0.572 RRab    ACS
AndI     -V224  0 45 45.030 +38 02 55.56 0.594 25.316 0.921 24.474 0.501 25.448 0.931 25.031 0.716 24.463 0.510 RRab    ACS
AndI     -V225  0 45 45.132 +38 03 54.78 0.550 25.416 1.150 24.680 0.709 25.522 1.244 25.169 0.973 24.665 0.707 RRab    ACS
AndI     -V226  0 45 45.153 +38 03 23.20 0.495 25.333 1.517 24.675 0.794 25.422 1.613 25.107 1.289 24.661 0.776 RRab    ACS
AndI     -V227  0 45 45.187 +38 00 36.61 0.622 25.288 0.993 24.519 0.621 25.400 1.078 25.034 0.773 24.506 0.611 RRab    ACS
AndI     -V228  0 45 45.300 +38 03 10.38 0.569 25.389 1.075 24.616 0.604 25.515 1.210 25.122 0.801 24.606 0.633 RRab    ACS
AndI     -V229  0 45 45.367 +38 02 31.16 0.645 25.362 0.746 24.536 0.411 25.487 0.823 25.080 0.547 24.520 0.419 RRab    ACS
AndI     -V230  0 45 45.389 +38 02 28.27 0.620 25.451 0.626 24.567 0.319 25.587 0.700 25.148 0.509 24.553 0.332 RRab    ACS
AndI     -V231  0 45 45.444 +38 00 55.68 0.476 25.439 1.586 24.730 0.763 25.553 1.786 25.181 1.271 24.716 0.762 RRab    ACS
AndI     -V232  0 45 45.445 +38 01 44.53 0.590 25.432 0.821 24.567 0.728 25.571 0.834 25.132 0.789 24.554 0.728 RRab    ACS
AndI     -V233  0 45 45.454 +38 02 30.97 0.556 25.385 1.027 24.618 0.565 25.502 1.092 25.131 0.785 24.601 0.562 RRab    ACS
AndI     -V234  0 45 45.559 +38 03 52.14 0.576 24.797 0.583 24.061 0.345 24.907 0.631 24.544 0.487 24.044 0.346 RRab    ACS
AndI     -V235  0 45 45.569 +38 03 45.17 0.617 25.406 0.632 24.558 0.301 25.537 0.710 25.108 0.502 24.543 0.307 RRab    ACS
AndI     -V236  0 45 45.576 +38 03 21.56 0.839 25.273 0.266 24.350 0.164 25.418 0.289 24.956 0.241 24.335 0.175 RRab    ACS
AndI     -V237  0 45 45.644 +38 01 14.03 0.630 25.472 0.612 24.595 0.345 25.606 0.687 25.174 0.494 24.581 0.354 RRab    ACS
AndI     -V238  0 45 45.664 +38 02 40.41 0.539 25.127 1.754 24.599 0.810 25.196 1.940 24.968 1.442 24.592 0.788 RRab    ACS
AndI     -V239  0 45 45.743 +38 02 28.00 0.299 25.231 0.273 24.734 0.121 25.298 0.295 25.061 0.213 24.717 0.123 RRc     ACS
AndI     -V240  0 45 45.856 +38 02 34.62 0.610 25.448 0.830 24.601 0.507 25.582 0.890 25.155 0.761 24.573 0.604 RRab    ACS
AndI     -V241  0 45 45.904 +38 03 45.26 0.513 25.449 1.146 24.699 0.734 25.550 1.249 25.181 1.141 24.683 0.735 RRab    ACS
AndI     -V242  0 45 46.046 +38 00 31.71 0.496 25.431 0.861 24.754 0.396 25.530 0.938 25.197 0.701 24.738 0.400 RRab    ACS
AndI     -V243  0 45 46.056 +38 01 31.31 0.719 25.639 0.252 24.410 0.184 25.856 0.283 25.226 0.220 24.417 0.188 RRab    ACS
AndI     -V244  0 45 46.071 +38 01 16.72 0.497 25.373 1.368 24.671 0.711 25.479 1.519 25.138 1.091 24.656 0.710 RRab    ACS
AndI     -V245  0 45 46.081 +38 03 39.47 0.319 25.309 0.611 24.794 0.315 25.389 0.742 25.111 0.426 24.776 0.301 RRc     ACS
AndI     -V246  0 45 46.085 +38 03 11.64 0.511 25.459 1.358 24.717 0.729 25.567 1.461 25.209 1.152 24.701 0.727 RRab    ACS
AndI     -V247  0 45 46.212 +38 03 18.12 0.563 25.396 0.861 24.640 0.503 25.504 0.947 25.137 0.747 24.625 0.506 RRab    ACS
AndI     -V248  0 45 46.225 +38 01 00.63 0.577 25.540 1.234 24.754 0.568 25.657 1.337 25.271 0.975 24.740 0.570 RRab    ACS
AndI     -V249  0 45 46.332 +38 01 52.46 0.740 25.198 0.673 24.317 0.334 25.336 0.737 24.895 0.576 24.303 0.346 RRab    ACS
AndI     -V250  0 45 46.332 +38 00 28.38 0.305 25.310 0.210 24.768 0.136 25.386 0.209 25.124 0.196 24.754 0.153 RRc     ACS
AndI     -V251  0 45 46.339 +38 01 32.75 0.545 25.429 0.878 24.663 0.440 25.539 0.961 25.175 0.705 24.648 0.440 RRab    ACS
AndI     -V252  0 45 46.412 +38 00 35.18 0.579 25.510 0.881 24.692 0.382 25.636 0.993 25.225 0.715 24.677 0.391 RRab    ACS
AndI     -V253  0 45 46.477 +38 03 54.06 0.586 25.469 0.956 24.677 0.552 25.599 1.080 25.179 0.746 24.662 0.556 RRab    ACS
AndI     -V254  0 45 46.483 +38 00 53.31 0.646 25.564 0.311 24.661 0.115 25.705 0.356 25.254 0.245 24.647 0.122 RRab    ACS
AndI     -V255  0 45 46.504 +38 02 17.18 0.631 25.237 0.806 24.434 0.394 25.357 0.891 24.966 0.698 24.417 0.403 RRab    ACS
AndI     -V256  0 45 46.684 +38 02 34.88 0.320 25.300 0.640 24.740 0.403 25.367 0.700 25.099 0.522 24.736 0.308 RRc     ACS
AndI     -V257  0 45 46.817 +38 02 32.15 0.467 25.731 1.375 25.078 0.656 25.816 1.529 25.522 1.064 25.066 0.651 GSS-RRL ACS
AndI     -V258  0 45 46.916 +38 03 28.20 0.358 25.373 0.492 24.702 0.253 25.472 0.550 25.137 0.379 24.684 0.257 RRc     ACS
AndI     -V259  0 45 47.042 +38 03 15.26 0.395 25.226 0.596 24.592 0.370 25.316 0.654 25.011 0.491 24.574 0.372 RRc     ACS
AndI     -V260  0 45 47.074 +38 02 19.09 0.495 25.376 1.471 24.668 0.799 25.468 1.620 25.164 1.199 24.650 0.784 RRab    ACS
AndI     -V261  0 45 47.123 +38 00 27.68 0.657 25.454 0.214 24.542 0.202 25.597 0.232 25.143 0.189 24.529 0.200 RRab    ACS
AndI     -V262  0 45 47.150 +38 02 16.65 0.523 25.342 1.211 24.643 0.618 25.446 1.300 25.087 0.953 24.629 0.618 RRab    ACS
AndI     -V263  0 45 47.332 +38 00 56.46 0.494 25.428 1.160 24.767 0.536 25.523 1.272 25.208 0.928 24.760 0.534 RRab    ACS
AndI     -V264  0 45 47.383 +38 01 25.94 0.577 25.387 0.909 24.581 0.430 25.511 1.005 25.097 0.740 24.619 0.261 RRab    ACS
AndI     -V265  0 45 47.480 +38 02 34.49 0.543 25.253 1.120 24.544 0.510 25.359 1.237 25.013 0.855 24.532 0.511 RRab    ACS
AndI     -V266  0 45 47.517 +38 03 01.71 0.348 25.419 0.662 24.746 0.337 25.514 0.737 25.203 0.528 24.731 0.337 RRd     ACS
AndI     -V267  0 45 47.518 +38 00 50.40 0.675 25.348 0.979 24.522 0.446 25.475 1.124 25.076 0.759 24.509 0.444 RRab    ACS
AndI     -V268  0 45 47.587 +38 03 12.92 0.581 25.471 0.711 24.680 0.386 25.588 0.779 25.205 0.591 24.665 0.389 RRab    ACS
AndI     -V269  0 45 47.861 +38 02 27.30 0.569 25.429 1.010 24.646 0.555 25.538 1.136 25.171 0.806 24.622 0.566 RRab    ACS
AndI     -V270  0 45 47.888 +38 02 40.94 0.590 25.380 0.688 24.540 0.474 25.515 0.750 25.083 0.581 24.526 0.475 RRab    ACS
AndI     -V271  0 45 47.971 +38 02 41.40 0.353 25.395 0.395 24.718 0.191 25.489 0.437 25.168 0.312 24.702 0.199 RRc     ACS
AndI     -V272  0 45 47.999 +38 01 18.58 0.619 25.313 1.234 24.548 0.605 25.421 1.362 25.062 1.005 24.530 0.597 RRab    ACS
AndI     -V273  0 45 48.187 +38 02 07.61 0.587 25.370 0.839 24.505 0.460 25.501 0.934 25.080 0.683 24.490 0.475 RRab    ACS
AndI     -V274  0 45 48.220 +38 01 20.41 0.672 25.399 0.712 24.537 0.370 25.531 0.782 25.106 0.582 24.523 0.373 RRab    ACS
AndI     -V275  0 45 48.317 +38 03 30.40 0.719 25.231 0.945 24.423 0.445 25.353 1.036 24.958 0.746 24.408 0.452 RRab    ACS
AndI     -V276  0 45 48.569 +38 02 20.64 0.551 25.356 1.306 24.585 0.719 25.466 1.408 25.110 1.103 24.571 0.721 RRab    ACS
AndI     -V277  0 45 48.658 +38 01 24.62 0.353 25.433 0.476 24.735 0.252 25.535 0.519 25.189 0.398 24.711 0.250 RRc     ACS
AndI     -V278  0 45 48.892 +38 02 38.41 0.361 25.335 0.498 24.702 0.219 25.428 0.548 25.124 0.424 24.691 0.236 RRc     ACS
AndI     -V279  0 45 48.967 +38 03 15.57 0.572 25.501 0.660 24.727 0.296 25.616 0.730 25.236 0.540 24.703 0.304 RRab    ACS
AndI     -V280  0 45 49.221 +38 03 36.93 0.294 25.752 0.655 25.193 0.314 25.829 0.723 25.566 0.508 25.177 0.301 GSS-RRL ACS
AndI     -V281  0 45 49.229 +38 02 31.48 0.536 25.433 1.319 24.654 0.818 25.547 1.416 25.171 1.145 24.641 0.820 RRab    ACS
AndI     -V282  0 45 49.662 +38 02 25.02 0.635 25.448 0.527 24.566 0.320 25.578 0.594 25.156 0.430 24.550 0.329 RRab    ACS
AndI     -V283  0 45 49.808 +38 03 23.22 0.675 25.304 0.917 24.462 0.494 25.431 1.028 25.051 0.742 24.447 0.505 RRab    ACS
AndI     -V284  0 45 49.926 +38 02 41.62 0.580 25.412 1.163 24.655 0.648 25.523 1.264 25.148 1.006 24.639 0.655 RRab    ACS
AndI     -V285  0 45 49.993 +38 02 33.17 0.598 25.414 0.798 24.598 0.314 25.539 0.901 25.126 0.649 24.581 0.323 RRab    ACS
AndI     -V286  0 45 50.007 +38 01 24.54 0.383 25.533 0.470 24.763 0.187 25.653 0.540 25.261 0.336 24.743 0.212 RRd     ACS
AndI     -V287  0 45 50.058 +38 02 11.72 0.671 25.272 1.164 24.487 0.537 25.391 1.272 25.003 0.972 24.474 0.542 RRab    ACS
AndI     -V288  0 45 50.332 +38 03 20.09 0.612 25.461 0.855 24.603 0.411 25.593 0.948 25.163 0.638 24.592 0.381 RRab    ACS
AndI     -V289  0 45 50.637 +38 01 56.64 0.560 25.296 1.337 24.602 0.614 25.400 1.467 25.062 1.078 24.587 0.617 RRab    ACS
AndI     -V290  0 45 50.728 +38 02 43.39 0.597 25.212 1.134 24.417 0.551 25.325 1.274 24.944 0.911 24.403 0.504 RRab    ACS
AndI     -V291  0 45 50.733 +38 01 55.88 0.558 25.387 1.257 24.588 0.585 25.510 1.405 25.113 0.981 24.580 0.595 RRab    ACS
AndI     -V292  0 45 50.746 +38 02 18.48 0.576 25.353 1.321 24.646 0.482 25.456 1.482 25.163 0.925 24.633 0.496 RRab    ACS
AndI     -V293  0 45 50.864 +38 02 19.36 0.371 25.340 0.455 24.678 0.267 25.436 0.485 25.110 0.385 24.661 0.268 RRc     ACS
AndI     -V294  0 45 51.077 +38 02 10.24 0.500 25.400 1.484 24.750 0.683 25.490 1.651 25.165 1.223 24.736 0.685 RRab    ACS
AndI     -V295  0 45 51.115 +38 03 05.90 0.295 25.433 0.742 24.902 0.419 25.502 0.825 25.252 0.562 24.893 0.442 RRc     ACS
AndI     -V296  0 45 51.312 +38 02 18.18 0.358 25.314 0.758 24.629 0.437 25.417 0.830 25.077 0.604 24.618 0.424 RRd     ACS
AndI     -V297  0 45 51.450 +38 03 01.66 0.494 25.478 0.931 24.777 0.467 25.578 1.027 25.244 0.733 24.763 0.461 RRab    ACS
AndI     -V298  0 45 51.541 +38 03 20.99 0.629 25.500 0.892 24.679 0.437 25.634 0.996 25.211 0.774 24.666 0.441 RRab    ACS
AndI     -V299  0 45 52.103 +38 02 36.39 0.588 25.465 0.873 24.672 0.340 25.599 1.018 25.188 0.744 24.659 0.368 RRab    ACS
AndI     -V300  0 45 52.175 +38 03 15.88 0.606 25.416 1.210 24.670 0.508 25.518 1.353 25.181 0.851 24.620 0.621 RRab    ACS
AndI     -V301  0 45 52.662 +38 02 52.77 0.558 25.489 1.195 24.703 0.677 25.600 1.303 25.222 1.097 24.690 0.679 RRab    ACS
AndI     -V302  0 45 52.698 +38 02 48.42 0.377 25.466 0.655 24.707 0.485 25.612 0.784 25.219 0.622 24.725 0.374 RRd     ACS
