AndII    -V001  1 15 56.325 +33 21 19.95 0.332 25.061 0.686 24.441 0.336 25.149 0.747 24.848 0.563 24.425 0.330 RRc     WFC3
AndII    -V002  1 15 57.224 +33 21 32.52 0.601 25.064 1.016 24.272 0.362 25.310 0.948 24.785 0.685 24.239 0.325 RRab    WFC3
AndII    -V003  1 15 58.620 +33 21 29.91 0.625 25.115 0.766 24.243 0.375 25.257 0.886 24.811 0.613 24.231 0.383 RRab    WFC3
AndII    -V004  1 15 58.951 +33 21 14.99 0.663 25.124 0.339 24.234 0.158 25.258 0.378 24.828 0.294 24.221 0.180 RRab    WFC3
AndII    -V005  1 15 58.986 +33 21 05.31 0.769 24.971 0.561 24.102 0.297 25.109 0.620 24.667 0.470 24.088 0.308 RRab    WFC3
AndII    -V006  1 15 59.033 +33 21 08.26 0.590 24.957 1.231 24.204 0.557 25.064 1.356 24.700 1.008 24.140 0.573 RRab    WFC3
AndII    -V007  1 15 59.056 +33 20 45.97 0.606 24.927 1.551 24.194 0.791 25.033 1.692 24.670 1.306 24.180 0.792 RRab    WFC3
AndII    -V008  1 15 59.377 +33 21 57.11 0.622 25.128 0.762 24.267 0.380 25.261 0.836 24.845 0.644 24.271 0.348 RRab    WFC3
AndII    -V009  1 15 59.439 +33 21 26.87 0.345 24.990 0.655 24.378 0.339 25.080 0.705 24.768 0.554 24.363 0.336 RRc     WFC3
AndII    -V010  1 16 00.025 +33 20 38.76 0.388 26.014 0.174 24.680 0.252 26.276 0.219 25.551 0.161 24.699 0.236 EB      WFC3
AndII    -V011  1 16 01.326 +33 22 38.74 0.612 25.053 0.540 24.218 0.319 25.184 0.570 24.763 0.501 24.207 0.332 RRab    WFC3
AndII    -V012  1 16 01.426 +33 20 39.01 0.640 24.976 0.540 24.125 0.267 25.108 0.593 24.686 0.431 24.109 0.273 RRab    WFC3
AndII    -V013  1 16 02.447 +33 20 24.48 0.357 25.041 0.452 24.378 0.291 25.140 0.507 24.804 0.358 24.356 0.296 RRd     WFC3
AndII    -V014  1 16 02.573 +33 22 07.27 0.621 25.124 0.521 24.366 0.259 25.245 0.578 24.844 0.417 24.337 0.239 RRab    WFC3
AndII    -V015  1 16 02.657 +33 23 07.14 0.570 25.157 1.160 24.493 0.400 25.266 1.317 24.919 0.885 24.478 0.392 RRab    WFC3
AndII    -V016  1 16 03.585 +33 22 15.65 0.556 24.914 1.441 24.419 0.683 24.993 1.554 24.757 1.123 24.412 0.642 RRab    WFC3
AndII    -V017  1 16 04.235 +33 20 58.80 0.347 24.825 0.194 24.293 0.061 24.897 0.217 24.647 0.153 24.267 0.080 RRc     WFC3
AndII    -V018  1 16 04.463 +33 22 25.54 0.572 25.082 1.090 24.397 0.599 25.176 1.185 24.857 0.895 24.457 0.388 RRab    WFC3
AndII    -V019  1 16 04.471 +33 22 06.01 0.641 25.065 0.845 24.331 0.402 25.171 0.952 24.815 0.698 24.316 0.395 RRab    WFC3
AndII    -V020  1 16 05.220 +33 19 59.10 0.751 25.048 0.546 24.139 0.296 25.187 0.600 24.743 0.459 24.126 0.303 RRab    WFC3
AndII    -V021  1 16 05.574 +33 21 50.46 0.629 25.023 0.810 24.287 0.453 25.126 0.892 24.777 0.658 24.271 0.451 RRab    WFC3
AndII    -V022  1 16 05.702 +33 22 24.92 0.664 25.064 0.426 24.274 0.283 25.187 0.467 24.790 0.371 24.257 0.282 RRab    WFC3
AndII    -V023  1 16 06.750 +33 22 31.71 0.600 25.016 1.395 24.351 0.614 25.114 1.513 24.823 0.938 24.338 0.611 RRab    WFC3
AndII    -V024  1 16 07.002 +33 21 47.10 0.707 24.852 1.249 24.205 0.531 24.959 1.334 24.622 1.149 24.191 0.525 RRab    WFC3
AndII    -V025  1 16 07.129 +33 20 35.74 0.336 24.993 0.663 24.398 0.271 25.084 0.732 24.774 0.532 24.370 0.239 RRc     WFC3
AndII    -V026  1 16 07.197 +33 21 15.25 0.617 25.059 0.960 24.280 0.405 25.175 1.076 24.790 0.755 24.265 0.421 RRab    WFC3
AndII    -V027  1 16 07.401 +33 22 28.37 0.689 24.873 1.357 24.247 0.826 24.953 1.480 24.692 1.070 24.230 0.821 RRab    WFC3
AndII    -V028  1 16 07.919 +33 22 42.92 0.455 24.499 0.856 23.991 0.462 24.565 0.934 24.335 0.676 23.977 0.446 RRab    WFC3
AndII    -V029  1 16 08.295 +33 20 24.54 0.319 24.954 0.720 24.422 0.386 25.030 0.780 24.759 0.566 24.408 0.379 RRc     WFC3
AndII    -V030  1 16 08.601 +33 21 25.73 0.605 25.095 0.824 24.350 0.558 25.198 0.920 24.845 0.666 24.333 0.563 RRab    WFC3
AndII    -V031  1 16 08.660 +33 22 22.24 0.547 25.143 1.272 24.480 0.511 25.232 1.400 24.919 0.954 24.466 0.497 RRab    WFC3
AndII    -V032  1 16 08.853 +33 22 29.20 0.777 25.027 0.414 24.250 0.185 25.142 0.469 24.765 0.310 24.235 0.181 RRab    WFC3
AndII    -V033  1 16 09.357 +33 20 45.95 0.623 24.966 0.975 24.271 0.433 25.073 1.073 24.744 0.771 24.241 0.382 RRab    WFC3
AndII    -V034  1 16 09.540 +33 22 01.99 0.394 24.875 0.599 24.380 0.293 24.942 0.656 24.704 0.491 24.365 0.290 RRc     WFC3
AndII    -V035  1 16 09.604 +33 21 20.73 0.635 24.990 0.981 24.297 0.565 25.090 1.067 24.758 0.701 24.284 0.560 RRab    WFC3
AndII    -V036  1 16 15.461 +33 27 13.63 0.591 25.171 0.906 24.352 0.458 25.290 0.983 24.902 0.769 24.339 0.461 RRab    ACS
AndII    -V037  1 16 15.536 +33 27 39.73 0.620 25.017 1.469 24.226 0.696 25.124 1.632 24.771 1.163 24.213 0.695 RRab    ACS
AndII    -V038  1 16 15.572 +33 26 57.12 0.628 25.200 0.619 24.293 0.237 25.342 0.695 24.890 0.491 24.280 0.246 RRab    ACS
AndII    -V039  1 16 15.756 +33 26 39.43 0.613 25.049 0.866 24.231 0.391 25.185 0.992 24.758 0.680 24.190 0.430 RRab    ACS
AndII    -V040  1 16 16.004 +33 26 25.07 0.371 25.079 0.342 24.376 0.276 25.178 0.390 24.840 0.295 24.358 0.280 RRd     ACS
AndII    -V041  1 16 16.063 +33 26 57.67 0.350 24.917 0.696 24.310 0.318 24.997 0.759 24.720 0.561 24.294 0.311 RRc     ACS
AndII    -V042  1 16 16.064 +33 25 37.78 0.361 24.864 0.602 24.254 0.293 24.947 0.669 24.664 0.472 24.243 0.281 RRc     ACS
AndII    -V043  1 16 16.344 +33 26 37.23 0.495 24.991 1.316 24.397 0.674 25.060 1.505 24.852 0.953 24.401 0.612 RRab    ACS
AndII    -V044  1 16 16.467 +33 25 54.91 0.767 24.959 0.471 24.049 0.217 25.111 0.538 24.632 0.355 24.026 0.232 RRab    ACS
AndII    -V045  1 16 16.893 +33 24 54.43 0.669 25.019 0.676 24.153 0.382 25.157 0.746 24.719 0.621 24.142 0.431 RRab    ACS
AndII    -V046  1 16 16.961 +33 24 23.91 0.603 25.006 1.194 24.299 0.411 25.113 1.323 24.774 0.852 24.286 0.415 RRab    ACS
AndII    -V047  1 16 17.002 +33 25 25.99 0.638 25.024 0.651 24.138 0.380 25.158 0.734 24.720 0.543 24.124 0.388 RRab    ACS
AndII    -V048  1 16 17.286 +33 27 21.88 0.707 25.116 0.270 24.186 0.156 25.271 0.303 24.782 0.251 24.173 0.157 RRab    ACS
AndII    -V049  1 16 17.428 +33 26 55.86 0.674 25.037 0.905 24.196 0.329 25.167 1.016 24.750 0.676 24.178 0.333 RRab    ACS
AndII    -V050  1 16 17.490 +33 24 23.51 0.357 24.941 0.577 24.310 0.328 25.028 0.628 24.728 0.482 24.290 0.331 RRc     ACS
AndII    -V051  1 16 17.721 +33 27 09.14 0.604 25.159 0.823 24.291 0.385 25.293 0.908 24.857 0.678 24.277 0.392 RRab    ACS
AndII    -V052  1 16 17.977 +33 24 33.24 0.338 24.773 0.482 24.248 0.256 24.841 0.524 24.608 0.386 24.234 0.250 RRc     ACS
AndII    -V053  1 16 18.093 +33 25 04.14 0.293 24.824 0.450 24.308 0.239 24.893 0.474 24.652 0.391 24.300 0.215 RRc     ACS
AndII    -V054  1 16 18.606 +33 24 57.24 0.479 24.947 1.592 24.345 0.867 25.040 1.714 24.732 1.371 24.330 0.871 RRab    ACS
AndII    -V055  1 16 18.649 +33 25 29.88 0.607 25.090 0.679 24.235 0.401 25.075 1.091 24.742 0.633 24.209 0.362 RRab    ACS
AndII    -V056  1 16 18.687 +33 24 53.94 0.575 24.948 1.109 24.191 0.634 25.055 1.209 24.691 0.948 24.175 0.639 RRab    ACS
AndII    -V057  1 16 18.726 +33 26 42.03 0.536 25.080 1.320 24.363 0.691 25.187 1.446 24.842 0.981 24.349 0.687 RRab    ACS
AndII    -V058  1 16 18.738 +33 25 51.54 0.544 25.127 0.815 24.391 0.452 25.242 0.898 24.875 0.656 24.378 0.451 RRab    ACS
AndII    -V059  1 16 19.146 +33 26 06.98 0.749 25.018 0.508 24.135 0.252 25.160 0.556 24.707 0.407 24.115 0.220 RRab    ACS
AndII    -V060  1 16 19.284 +33 26 57.21 0.689 25.050 0.825 24.192 0.361 25.179 0.916 24.759 0.677 24.177 0.370 RRab    ACS
AndII    -V061  1 16 19.413 +33 24 47.40 0.668 24.880 1.120 24.109 0.530 24.992 1.233 24.629 0.916 24.095 0.533 RRab    ACS
AndII    -V062  1 16 19.520 +33 25 54.03 0.570 25.054 1.213 24.276 0.554 25.168 1.325 24.793 1.005 24.262 0.558 RRab    ACS
AndII    -V063  1 16 19.531 +33 26 54.52 0.619 25.101 0.671 24.218 0.386 25.234 0.749 24.796 0.533 24.205 0.397 RRab    ACS
AndII    -V064  1 16 19.871 +33 26 35.63 0.692 25.042 0.851 24.178 0.401 25.176 0.947 24.747 0.687 24.165 0.413 RRab    ACS
AndII    -V065  1 16 19.960 +33 25 28.42 0.375 25.005 0.555 24.281 0.246 25.110 0.617 24.756 0.446 24.263 0.246 RRd     ACS
AndII    -V066  1 16 19.966 +33 24 33.93 0.519 24.986 1.416 24.257 0.700 25.092 1.532 24.736 1.113 24.243 0.702 RRab    ACS
AndII    -V067  1 16 20.094 +33 25 48.83 0.628 25.167 0.459 24.247 0.290 25.345 0.537 24.824 0.388 24.232 0.263 RRab    ACS
AndII    -V068  1 16 20.098 +33 27 01.44 0.547 25.123 0.736 24.333 0.422 25.240 0.814 24.854 0.598 24.319 0.435 RRab    ACS
AndII    -V069  1 16 20.196 +33 27 21.74 0.577 25.137 1.050 24.358 0.511 25.259 1.133 24.863 0.902 24.344 0.514 RRab    ACS
AndII    -V070  1 16 20.207 +33 27 38.57 0.330 24.932 0.216 24.403 0.072 25.004 0.247 24.755 0.150 24.386 0.079 RRc     ACS
AndII    -V071  1 16 20.246 +33 26 13.46 0.543 25.081 1.036 24.334 0.517 25.180 1.135 24.845 0.954 24.319 0.465 RRab    ACS
AndII    -V072  1 16 20.253 +33 25 00.25 0.574 25.021 0.863 24.248 0.518 25.137 0.960 24.755 0.692 24.233 0.525 RRab    ACS
AndII    -V073  1 16 20.260 +33 24 33.55 0.309 24.785 0.431 24.275 0.221 24.854 0.460 24.611 0.362 24.260 0.216 RRc     ACS
AndII    -V074  1 16 20.275 +33 24 55.17 0.597 25.016 0.631 24.197 0.272 25.138 0.709 24.743 0.452 24.181 0.278 RRab    ACS
AndII    -V075  1 16 20.370 +33 25 31.75 0.533 25.082 1.215 24.307 0.835 25.192 1.310 24.822 1.021 24.290 0.836 RRab    ACS
AndII    -V076  1 16 20.370 +33 25 46.35 0.284 24.922 0.384 24.396 0.163 24.998 0.411 24.735 0.332 24.381 0.155 RRc     ACS
AndII    -V077  1 16 20.424 +33 25 05.02 0.614 25.022 0.811 24.228 0.400 25.133 0.918 24.734 0.730 24.193 0.481 RRab    ACS
AndII    -V078  1 16 20.429 +33 25 16.85 0.586 25.040 0.984 24.230 0.510 25.156 1.095 24.773 0.807 24.216 0.519 RRab    ACS
AndII    -V079  1 16 20.452 +33 24 33.20 0.582 24.823 1.358 24.116 0.840 24.918 1.475 24.601 1.122 24.101 0.840 RRab    ACS
AndII    -V080  1 16 20.487 +33 26 11.83 0.370 24.918 0.632 24.252 0.324 25.032 0.695 24.657 0.506 24.233 0.319 RRd     ACS
AndII    -V081  1 16 20.518 +33 26 37.02 0.580 25.079 1.135 24.318 0.554 25.193 1.235 24.814 0.959 24.303 0.563 RRab    ACS
AndII    -V082  1 16 20.556 +33 27 31.48 0.542 25.179 0.995 24.386 0.468 25.301 1.121 24.912 0.784 24.372 0.476 RRab    ACS
AndII    -V083  1 16 20.557 +33 27 01.54 0.881 23.872 1.274 23.166 0.641 23.987 1.378 23.619 1.055 23.117 0.583 AC      ACS
AndII    -V084  1 16 20.576 +33 25 30.59 0.627 25.146 0.724 24.243 0.317 25.330 0.892 24.787 0.471 24.229 0.326 RRab    ACS
AndII    -V085  1 16 20.588 +33 25 56.07 0.364 25.043 0.417 24.347 0.291 25.145 0.443 24.805 0.384 24.330 0.294 RRc     ACS
AndII    -V086  1 16 20.672 +33 26 54.50 0.515 25.122 0.920 24.408 0.455 25.224 1.015 24.877 0.735 24.392 0.454 RRab    ACS
AndII    -V087  1 16 20.729 +33 24 51.34 0.592 24.974 1.027 24.197 0.530 25.095 1.119 24.701 0.866 24.181 0.531 RRab    ACS
AndII    -V088  1 16 20.905 +33 25 03.22 0.357 24.915 0.726 24.251 0.393 25.014 0.783 24.683 0.621 24.232 0.396 RRd     ACS
AndII    -V089  1 16 21.303 +33 27 42.49 0.685 25.080 0.947 24.248 0.455 25.207 1.051 24.795 0.769 24.234 0.466 RRab    ACS
AndII    -V090  1 16 21.415 +33 27 03.62 0.496 25.413 1.192 24.616 0.579 25.538 1.285 25.138 0.989 24.603 0.588 RRab    ACS
AndII    -V091  1 16 21.469 +33 26 36.14 0.533 25.076 1.230 24.337 0.704 25.189 1.369 24.825 1.004 24.322 0.708 RRab    ACS
AndII    -V092  1 16 21.545 +33 24 24.99 0.358 24.971 0.515 24.327 0.314 25.057 0.567 24.747 0.446 24.311 0.311 RRc     ACS
AndII    -V093  1 16 21.577 +33 24 57.91 0.565 24.959 0.887 24.199 0.480 25.073 0.967 24.681 0.794 24.182 0.481 RRab    ACS
AndII    -V094  1 16 21.600 +33 26 34.02 0.521 25.052 1.287 24.307 0.643 25.158 1.370 24.793 0.992 24.289 0.600 RRab    ACS
AndII    -V095  1 16 21.664 +33 26 51.75 0.306 25.070 0.413 24.570 0.240 25.139 0.446 24.899 0.342 24.560 0.228 RRc     ACS
AndII    -V096  1 16 21.665 +33 25 40.33 0.518 24.977 1.508 24.301 0.797 25.074 1.649 24.746 1.208 24.281 0.730 RRab    ACS
AndII    -V097  1 16 21.686 +33 25 37.44 0.358 25.075 0.301 24.334 0.155 25.184 0.323 24.822 0.260 24.315 0.161 RRc     ACS
AndII    -V098  1 16 21.727 +33 26 13.98 0.516 25.019 1.266 24.375 0.702 25.118 1.368 24.717 1.396 24.326 0.751 RRab    ACS
AndII    -V099  1 16 21.812 +33 24 31.98 1.340 22.964 1.632 22.358 0.841 23.048 1.770 22.759 1.356 22.343 0.833 AC      ACS
AndII    -V100  1 16 21.876 +33 26 35.91 0.696 24.975 0.790 24.120 0.376 25.106 0.875 24.680 0.655 24.103 0.376 RRab    ACS
AndII    -V101  1 16 22.058 +33 27 31.40 0.636 25.164 0.613 24.322 0.320 25.296 0.676 24.871 0.504 24.292 0.329 RRab    ACS
AndII    -V102  1 16 22.258 +33 24 53.03 0.431 24.845 0.481 24.140 0.284 24.949 0.512 24.599 0.425 24.122 0.285 RRc     ACS
AndII    -V103  1 16 22.267 +33 26 34.66 0.619 25.060 1.038 24.247 0.491 25.183 1.150 24.783 0.842 24.232 0.499 RRab    ACS
AndII    -V104  1 16 22.313 +33 25 04.41 0.542 25.039 1.278 24.303 0.622 25.138 1.396 24.802 1.025 24.292 0.615 RRab    ACS
AndII    -V105  1 16 22.321 +33 27 05.27 0.716 25.120 0.473 24.221 0.310 25.264 0.510 24.811 0.408 24.207 0.311 RRab    ACS
AndII    -V106  1 16 22.383 +33 25 44.36 0.643 25.047 0.645 24.165 0.312 25.182 0.709 24.746 0.506 24.146 0.357 RRab    ACS
AndII    -V107  1 16 22.704 +33 25 54.89 0.605 25.142 0.334 24.242 0.120 25.288 0.384 24.829 0.253 24.227 0.134 RRab    ACS
AndII    -V108  1 16 22.809 +33 25 36.95 0.598 25.070 0.853 24.212 0.398 25.205 0.948 24.775 0.691 24.200 0.405 RRab    ACS
AndII    -V109  1 16 22.858 +33 24 28.22 0.547 24.964 0.953 24.266 0.487 25.090 1.122 24.700 0.883 24.254 0.505 RRab    ACS
AndII    -V110  1 16 22.969 +33 25 59.07 0.624 25.060 0.770 24.188 0.408 25.196 0.852 24.758 0.633 24.176 0.419 RRab    ACS
AndII    -V111  1 16 22.976 +33 25 26.32 0.361 24.994 0.493 24.337 0.235 25.075 0.563 24.755 0.410 24.326 0.240 RRc     ACS
AndII    -V112  1 16 23.021 +33 26 40.66 0.600 25.091 1.248 24.276 0.789 25.205 1.358 24.836 1.000 24.264 0.793 RRab    ACS
AndII    -V113  1 16 23.254 +33 24 59.97 0.375 24.996 0.383 24.320 0.295 25.103 0.432 24.739 0.296 24.300 0.291 RRd     ACS
AndII    -V114  1 16 23.295 +33 26 19.56 0.371 24.978 0.495 24.300 0.203 25.073 0.549 24.749 0.390 24.282 0.204 RRc     ACS
AndII    -V115  1 16 23.302 +33 27 46.00 0.568 25.048 1.237 24.321 0.649 25.153 1.352 24.823 0.965 24.308 0.648 RRab    ACS
AndII    -V116  1 16 23.331 +33 25 03.52 0.545 24.987 1.292 24.278 0.602 25.089 1.429 24.750 1.018 24.266 0.616 RRab    ACS
AndII    -V117  1 16 23.415 +33 27 29.62 0.302 25.185 0.564 24.594 0.252 25.268 0.624 24.984 0.445 24.578 0.245 RRc     ACS
AndII    -V118  1 16 23.434 +33 24 37.98 0.538 24.956 1.468 24.266 0.706 25.056 1.586 24.724 1.148 24.249 0.706 RRab    ACS
AndII    -V119  1 16 23.538 +33 26 15.03 0.574 25.133 1.020 24.333 0.465 25.257 1.099 24.855 0.867 24.309 0.460 RRab    ACS
AndII    -V120  1 16 23.539 +33 26 10.10 0.534 25.037 1.529 24.329 0.626 25.172 1.576 24.864 1.077 24.320 0.584 RRab    ACS
AndII    -V121  1 16 23.634 +33 26 47.53 0.520 25.147 0.885 24.395 0.509 25.251 0.972 24.904 0.726 24.379 0.510 RRab    ACS
AndII    -V122  1 16 23.686 +33 25 29.26 0.373 24.984 0.608 24.322 0.325 25.077 0.675 24.755 0.479 24.305 0.327 RRd     ACS
AndII    -V123  1 16 23.873 +33 25 54.63 0.574 25.150 1.089 24.322 0.596 25.299 1.251 24.852 0.851 24.310 0.601 RRab    ACS
AndII    -V124  1 16 23.920 +33 27 10.72 0.527 25.057 0.673 24.343 0.325 25.166 0.745 24.805 0.543 24.315 0.318 RRab    ACS
AndII    -V125  1 16 23.983 +33 25 06.23 0.630 25.042 0.803 24.232 0.249 25.168 0.903 24.765 0.595 24.215 0.264 RRab    ACS
AndII    -V126  1 16 24.022 +33 25 19.80 0.587 25.076 1.012 24.230 0.412 25.220 1.187 24.772 0.761 24.217 0.422 RRab    ACS
AndII    -V127  1 16 24.025 +33 25 30.12 0.347 24.993 0.558 24.382 0.245 25.074 0.609 24.790 0.454 24.366 0.245 RRc     ACS
AndII    -V128  1 16 24.066 +33 24 49.43 0.521 24.998 1.201 24.279 0.710 25.104 1.300 24.751 1.015 24.266 0.725 RRab    ACS
AndII    -V129  1 16 24.140 +33 25 20.26 0.611 24.935 1.376 24.200 0.710 25.038 1.494 24.684 1.149 24.186 0.714 RRab    ACS
AndII    -V130  1 16 24.150 +33 26 02.15 0.563 25.060 1.383 24.298 0.696 25.164 1.540 24.817 1.106 24.305 0.575 RRab    ACS
AndII    -V131  1 16 24.191 +33 26 35.25 0.690 25.037 0.402 24.196 0.238 25.174 0.454 24.743 0.305 24.181 0.245 RRab    ACS
AndII    -V132  1 16 24.205 +33 25 54.10 1.177 25.188 0.112 24.264 0.114 25.335 0.116 24.870 0.107 24.249 0.107 RRab    ACS
AndII    -V133  1 16 24.536 +33 24 51.64 0.559 24.876 1.328 24.197 0.668 24.979 1.448 24.642 1.052 24.183 0.664 RRab    ACS
AndII    -V134  1 16 24.547 +33 27 08.59 0.567 25.142 0.947 24.328 0.465 25.270 1.052 24.855 0.817 24.315 0.469 RRab    ACS
AndII    -V135  1 16 24.578 +33 27 26.57 0.339 25.070 0.589 24.443 0.351 25.159 0.631 24.854 0.503 24.427 0.347 RRc     ACS
AndII    -V136  1 16 24.668 +33 25 20.90 0.584 24.921 0.996 24.179 0.520 25.028 1.101 24.702 0.862 24.166 0.521 RRab    ACS
AndII    -V137  1 16 24.772 +33 24 45.35 0.518 24.955 1.445 24.308 0.725 25.040 1.577 24.740 1.189 24.299 0.726 RRab    ACS
AndII    -V138  1 16 24.775 +33 25 12.66 0.601 25.079 0.913 24.224 0.486 25.184 1.125 24.821 0.622 24.210 0.489 RRab    ACS
AndII    -V139  1 16 24.841 +33 25 42.03 0.626 25.042 0.618 24.237 0.308 25.169 0.674 24.759 0.517 24.220 0.311 RRab    ACS
AndII    -V140  1 16 24.846 +33 25 44.13 0.589 25.061 0.666 24.254 0.320 25.185 0.736 24.780 0.563 24.237 0.326 RRab    ACS
AndII    -V141  1 16 24.856 +33 27 35.85 0.537 25.012 1.531 24.319 0.822 25.107 1.674 24.793 1.228 24.308 0.807 RRab    ACS
AndII    -V142  1 16 25.031 +33 24 58.58 0.559 24.947 1.423 24.267 0.720 25.043 1.573 24.735 1.167 24.256 0.726 RRab    ACS
AndII    -V143  1 16 25.108 +33 26 29.33 0.371 25.038 0.497 24.342 0.219 25.141 0.554 24.799 0.395 24.329 0.221 RRd     ACS
AndII    -V144  1 16 25.183 +33 25 15.84 0.554 25.108 1.107 24.318 0.552 25.238 1.260 24.805 0.794 24.304 0.559 RRab    ACS
AndII    -V145  1 16 25.186 +33 26 30.12 0.687 24.916 0.918 24.140 0.520 25.028 1.011 24.655 0.855 24.124 0.525 RRab    ACS
AndII    -V146  1 16 25.290 +33 26 23.02 0.616 25.043 0.952 24.262 0.584 25.161 1.034 24.769 0.831 24.247 0.590 RRab    ACS
AndII    -V147  1 16 25.408 +33 25 44.22 0.612 25.059 0.944 24.193 0.579 25.189 1.024 24.798 0.674 24.193 0.530 RRab    ACS
AndII    -V148  1 16 25.410 +33 25 37.96 0.548 24.952 1.296 24.235 0.624 25.059 1.423 24.716 0.980 24.221 0.624 RRab    ACS
AndII    -V149  1 16 25.435 +33 24 25.45 0.611 25.098 0.840 24.262 0.424 25.232 0.912 24.823 0.644 24.248 0.413 RRab    ACS
AndII    -V150  1 16 25.514 +33 26 26.33 0.379 25.015 0.535 24.353 0.283 25.107 0.580 24.793 0.445 24.335 0.283 RRc     ACS
AndII    -V151  1 16 25.578 +33 26 25.60 0.630 24.941 1.256 24.202 0.643 25.051 1.371 24.696 1.051 24.187 0.649 RRab    ACS
AndII    -V152  1 16 25.618 +33 26 23.06 0.546 25.031 1.334 24.326 0.664 25.133 1.433 24.780 1.097 24.310 0.659 RRab    ACS
AndII    -V153  1 16 25.662 +33 24 32.59 0.580 25.028 0.962 24.222 0.492 25.152 1.079 24.749 0.753 24.207 0.499 RRab    ACS
AndII    -V154  1 16 25.782 +33 25 00.15 0.553 25.022 1.155 24.276 0.638 25.142 1.265 24.753 0.948 24.264 0.647 RRab    ACS
AndII    -V155  1 16 25.803 +33 26 56.55 0.344 25.008 0.594 24.420 0.328 25.090 0.640 24.803 0.493 24.401 0.328 RRc     ACS
AndII    -V156  1 16 25.826 +33 25 41.03 0.596 25.028 1.240 24.338 0.465 25.137 1.350 24.790 0.849 24.311 0.511 RRab    ACS
AndII    -V157  1 16 25.833 +33 25 01.53 0.300 24.919 0.653 24.406 0.335 24.997 0.650 24.710 0.565 24.393 0.324 RRc     ACS
AndII    -V158  1 16 25.901 +33 26 32.25 1.663 23.471 0.408 22.530 0.232 23.620 0.452 23.146 0.345 22.517 0.239 AC      ACS
AndII    -V159  1 16 25.966 +33 27 15.84 0.604 25.073 1.063 24.262 0.627 25.189 1.173 24.811 0.885 24.247 0.633 RRab    ACS
AndII    -V160  1 16 25.999 +33 27 03.59 0.592 25.145 0.904 24.301 0.423 25.276 1.002 24.864 0.838 24.287 0.428 RRab    ACS
AndII    -V161  1 16 26.069 +33 24 41.45 0.602 24.956 1.017 24.167 0.552 25.076 1.113 24.681 0.779 24.154 0.557 RRab    ACS
AndII    -V162  1 16 26.132 +33 24 44.82 0.520 25.026 0.997 24.329 0.599 25.193 0.858 24.717 1.163 24.446 0.350 RRab    ACS
AndII    -V163  1 16 26.136 +33 26 37.01 0.356 25.158 0.698 24.486 0.307 25.256 0.776 24.922 0.544 24.468 0.304 RRd     ACS
AndII    -V164  1 16 26.161 +33 24 43.59 0.529 24.955 1.260 24.092 0.622 25.085 1.411 24.674 0.994 24.082 0.637 RRab    ACS
AndII    -V165  1 16 26.169 +33 27 13.14 0.358 25.072 0.737 24.424 0.424 25.172 0.801 24.848 0.623 24.407 0.426 RRd     ACS
AndII    -V166  1 16 26.200 +33 26 54.37 0.525 25.246 1.424 24.509 0.694 25.358 1.546 25.000 1.252 24.497 0.705 RRab    ACS
AndII    -V167  1 16 26.242 +33 25 55.40 0.656 24.946 0.822 24.145 0.411 25.071 0.888 24.664 0.711 24.130 0.415 RRab    ACS
AndII    -V168  1 16 26.351 +33 26 06.98 0.637 25.060 0.609 24.213 0.337 25.192 0.651 24.765 0.502 24.199 0.344 RRab    ACS
AndII    -V169  1 16 26.640 +33 25 01.54 0.496 25.004 1.500 24.353 0.800 25.105 1.602 24.776 1.277 24.340 0.792 RRab    ACS
AndII    -V170  1 16 26.683 +33 24 36.11 0.571 24.940 1.288 24.223 0.624 25.096 1.327 24.731 0.978 24.208 0.622 RRab    ACS
AndII    -V171  1 16 26.773 +33 25 31.55 0.667 24.858 1.284 24.212 0.591 24.966 1.509 24.648 0.922 24.195 0.591 RRab    ACS
AndII    -V172  1 16 26.799 +33 27 27.46 0.682 25.213 0.168 24.295 0.108 25.357 0.186 24.896 0.153 24.290 0.115 RRab    ACS
AndII    -V173  1 16 26.873 +33 24 56.38 0.712 24.973 0.455 24.081 0.319 25.111 0.486 24.666 0.410 24.071 0.323 RRab    ACS
AndII    -V174  1 16 26.893 +33 27 31.80 1.057 25.555 0.308 25.330 0.390 25.585 0.302 25.480 0.309 25.336 0.367 EB      ACS
AndII    -V175  1 16 26.910 +33 25 31.69 0.563 25.029 0.956 24.250 0.492 25.144 1.067 24.761 0.713 24.236 0.499 RRab    ACS
AndII    -V176  1 16 26.937 +33 27 08.41 0.645 25.076 0.726 24.241 0.389 25.206 0.831 24.793 0.607 24.227 0.400 RRab    ACS
AndII    -V177  1 16 26.982 +33 25 57.65 0.546 24.960 1.321 24.274 0.758 25.055 1.445 24.730 1.098 24.267 0.647 RRab    ACS
AndII    -V178  1 16 27.069 +33 26 43.49 0.389 24.968 0.510 24.351 0.278 25.054 0.547 24.759 0.434 24.333 0.277 RRc     ACS
AndII    -V179  1 16 27.105 +33 25 10.87 0.669 24.809 1.119 24.048 0.539 24.925 1.211 24.545 0.746 24.031 0.541 RRab    ACS
AndII    -V180  1 16 27.230 +33 26 55.99 0.608 25.149 0.713 24.317 0.397 25.260 0.809 24.849 0.620 24.302 0.403 RRab    ACS
AndII    -V181  1 16 27.292 +33 25 04.44 0.480 25.355 0.944 24.557 0.379 25.476 1.028 25.087 0.777 24.543 0.386 RRab    ACS
AndII    -V182  1 16 27.348 +33 25 34.31 0.526 25.060 0.658 24.335 0.261 25.191 0.777 24.795 0.454 24.314 0.273 RRab    ACS
AndII    -V183  1 16 27.357 +33 25 58.07 0.615 25.014 0.840 24.194 0.473 25.158 0.947 24.711 0.722 24.181 0.478 RRab    ACS
AndII    -V184  1 16 27.375 +33 25 31.75 0.600 25.115 0.543 24.288 0.270 25.239 0.602 24.833 0.437 24.273 0.279 RRab    ACS
AndII    -V185  1 16 27.515 +33 26 20.83 0.603 24.988 1.341 24.271 0.535 25.094 1.478 24.757 0.953 24.256 0.537 RRab    ACS
AndII    -V186  1 16 27.520 +33 26 32.16 0.549 24.997 1.445 24.330 0.664 25.090 1.590 24.769 1.121 24.319 0.653 RRab    ACS
AndII    -V187  1 16 27.534 +33 24 26.09 0.325 24.790 0.263 24.295 0.165 24.859 0.284 24.619 0.220 24.279 0.161 RRc     ACS
AndII    -V188  1 16 27.649 +33 26 44.32 0.584 25.120 1.146 24.320 0.517 25.224 1.216 24.836 0.962 24.297 0.591 RRab    ACS
AndII    -V189  1 16 27.651 +33 27 05.98 1.206 23.535 1.394 22.772 0.709 23.645 1.536 23.266 1.161 22.760 0.713 AC      ACS
AndII    -V190  1 16 27.734 +33 25 42.54 0.651 25.107 0.535 24.210 0.256 25.248 0.601 24.799 0.374 24.200 0.227 RRab    ACS
AndII    -V191  1 16 27.852 +33 24 30.94 0.577 25.030 1.151 24.277 0.639 25.145 1.245 24.766 0.985 24.261 0.643 RRab    ACS
AndII    -V192  1 16 27.890 +33 26 12.19 0.645 25.067 0.486 24.243 0.237 25.194 0.546 24.781 0.388 24.228 0.241 RRab    ACS
AndII    -V193  1 16 27.910 +33 27 37.25 0.619 25.210 0.832 24.339 0.620 25.341 0.874 24.922 0.759 24.318 0.668 RRab    ACS
AndII    -V194  1 16 27.946 +33 24 40.76 0.586 25.063 0.923 24.237 0.608 25.182 1.019 24.796 0.737 24.223 0.610 RRab    ACS
AndII    -V195  1 16 28.019 +33 27 12.46 0.295 25.055 0.663 24.509 0.317 25.127 0.711 24.877 0.544 24.488 0.359 RRc     ACS
AndII    -V196  1 16 28.078 +33 27 43.64 0.297 25.121 0.654 24.598 0.375 25.200 0.688 24.929 0.571 24.584 0.364 RRc     ACS
AndII    -V197  1 16 28.146 +33 25 31.96 0.618 25.099 0.198 24.183 0.186 25.256 0.171 24.767 0.225 24.169 0.185 RRab    ACS
AndII    -V198  1 16 28.207 +33 26 15.80 0.609 25.071 0.964 24.255 0.403 25.196 1.066 24.796 0.776 24.240 0.409 RRab    ACS
AndII    -V199  1 16 28.348 +33 25 32.13 0.586 25.062 1.047 24.265 0.542 25.191 1.159 24.776 0.884 24.244 0.504 RRab    ACS
AndII    -V200  1 16 28.386 +33 24 47.79 0.373 24.964 0.515 24.316 0.211 25.056 0.573 24.741 0.400 24.300 0.213 RRc     ACS
AndII    -V201  1 16 28.437 +33 27 01.59 0.614 25.157 0.851 24.325 0.489 25.282 0.929 24.866 0.689 24.309 0.495 RRab    ACS
AndII    -V202  1 16 28.478 +33 26 11.64 0.425 24.879 0.501 24.194 0.255 24.979 0.537 24.642 0.436 24.177 0.254 RRc     ACS
AndII    -V203  1 16 28.483 +33 27 20.99 0.356 25.126 0.540 24.437 0.324 25.226 0.598 24.891 0.449 24.419 0.321 RRd     ACS
AndII    -V204  1 16 28.640 +33 25 36.87 0.726 25.028 0.500 24.148 0.258 25.162 0.538 24.730 0.441 24.133 0.264 RRab    ACS
AndII    -V205  1 16 28.682 +33 26 12.14 0.571 25.022 1.245 24.275 0.596 25.135 1.381 24.760 1.004 24.260 0.604 RRab    ACS
AndII    -V206  1 16 28.698 +33 27 10.25 0.558 25.180 1.173 24.412 0.649 25.298 1.314 24.921 0.909 24.397 0.656 RRab    ACS
AndII    -V207  1 16 28.713 +33 25 34.47 0.281 24.929 0.263 24.430 0.149 24.994 0.281 24.762 0.221 24.416 0.145 RRc     ACS
AndII    -V208  1 16 28.720 +33 26 37.12 0.263 25.028 0.193 24.559 0.127 25.096 0.185 24.861 0.195 24.545 0.127 RRc     ACS
AndII    -V209  1 16 28.853 +33 24 52.87 0.369 25.007 0.524 24.353 0.177 25.109 0.550 24.804 0.518 24.333 0.181 RRd     ACS
AndII    -V210  1 16 29.053 +33 24 57.30 0.292 24.949 0.589 24.442 0.312 25.014 0.642 24.779 0.489 24.426 0.271 RRc     ACS
AndII    -V211  1 16 29.069 +33 25 19.90 0.307 24.927 0.743 24.356 0.414 25.030 0.896 24.705 0.594 24.339 0.419 RRc     ACS
AndII    -V212  1 16 29.165 +33 26 37.32 0.582 25.116 0.636 24.328 0.298 25.237 0.718 24.841 0.492 24.311 0.304 RRab    ACS
AndII    -V213  1 16 29.391 +33 24 32.07 0.258 24.984 0.127 24.521 0.043 25.045 0.138 24.828 0.100 24.508 0.047 RRc     ACS
AndII    -V214  1 16 29.459 +33 26 36.15 0.649 25.229 0.480 24.356 0.230 25.361 0.567 24.926 0.395 24.332 0.263 RRab    ACS
AndII    -V215  1 16 29.611 +33 27 49.91 0.674 24.957 0.929 24.204 0.557 25.065 1.005 24.704 0.806 24.178 0.587 RRab    ACS
AndII    -V216  1 16 29.701 +33 26 19.95 0.358 25.053 0.482 24.337 0.257 25.163 0.541 24.803 0.373 24.320 0.262 RRc     ACS
AndII    -V217  1 16 29.821 +33 25 40.20 0.657 25.068 0.742 24.216 0.338 25.204 0.804 24.752 0.639 24.201 0.341 RRab    ACS
AndII    -V218  1 16 29.853 +33 25 33.97 0.368 25.133 0.596 24.400 0.313 25.241 0.655 24.891 0.449 24.389 0.313 RRd     ACS
AndII    -V219  1 16 29.863 +33 25 44.82 0.549 25.113 1.062 24.322 0.570 25.227 1.170 24.847 0.870 24.307 0.575 RRab    ACS
AndII    -V220  1 16 29.912 +33 27 19.16 0.608 25.275 0.769 24.426 0.392 25.411 0.850 24.975 0.606 24.397 0.345 RRab    ACS
AndII    -V221  1 16 29.973 +33 24 55.25 0.337 24.936 0.579 24.063 0.231 25.070 0.641 24.639 0.479 24.052 0.247 RRc     ACS
AndII    -V222  1 16 29.987 +33 25 30.60 0.544 25.105 1.191 24.334 0.632 25.231 1.349 24.841 0.918 24.320 0.642 RRab    ACS
AndII    -V223  1 16 30.018 +33 25 01.12 0.679 25.030 0.317 24.168 0.173 25.164 0.349 24.739 0.263 24.158 0.179 RRab    ACS
AndII    -V224  1 16 30.035 +33 24 39.28 0.573 25.098 0.902 24.297 0.527 25.213 1.024 24.828 0.726 24.279 0.478 RRab    ACS
AndII    -V225  1 16 30.152 +33 24 46.86 0.604 25.111 0.801 24.261 0.461 25.237 0.869 24.834 0.667 24.246 0.468 RRab    ACS
AndII    -V226  1 16 30.165 +33 24 53.22 0.568 25.073 1.071 24.064 0.556 25.234 1.199 24.740 0.881 24.068 0.543 RRab    ACS
AndII    -V227  1 16 30.214 +33 27 09.91 0.280 25.108 0.347 24.604 0.162 25.175 0.379 24.940 0.282 24.595 0.171 RRc     ACS
AndII    -V228  1 16 30.389 +33 27 31.82 0.376 25.089 0.526 24.418 0.227 25.188 0.599 24.860 0.392 24.401 0.224 RRd     ACS
AndII    -V229  1 16 30.435 +33 25 58.13 0.283 24.964 0.412 24.477 0.222 25.031 0.446 24.794 0.349 24.460 0.217 RRc     ACS
AndII    -V230  1 16 30.588 +33 26 14.55 0.619 25.128 0.670 24.278 0.376 25.257 0.733 24.837 0.563 24.264 0.383 RRab    ACS
AndII    -V231  1 16 30.588 +33 26 57.50 0.603 25.126 0.973 24.282 0.623 25.252 1.043 24.850 0.735 24.268 0.628 RRab    ACS
AndII    -V232  1 16 30.621 +33 25 20.24 0.362 25.001 0.570 24.296 0.277 25.105 0.616 24.755 0.471 24.280 0.276 RRd     ACS
AndII    -V233  1 16 30.647 +33 25 51.19 0.518 25.026 1.291 24.335 0.637 25.116 1.432 24.810 1.012 24.321 0.650 RRab    ACS
AndII    -V234  1 16 30.716 +33 25 05.83 0.487 24.997 1.381 24.347 0.905 25.083 1.508 24.805 1.007 24.344 0.796 RRab    ACS
AndII    -V235  1 16 30.726 +33 24 49.63 0.356 25.122 0.398 24.427 0.158 25.228 0.446 24.883 0.293 24.409 0.157 RRc     ACS
AndII    -V236  1 16 30.764 +33 27 45.68 0.547 25.202 0.993 24.455 0.565 25.316 1.086 24.948 0.814 24.442 0.569 RRab    ACS
AndII    -V237  1 16 30.778 +33 25 25.17 0.577 25.153 0.804 24.330 0.421 25.277 0.882 24.869 0.665 24.316 0.433 RRab    ACS
AndII    -V238  1 16 30.812 +33 25 40.47 0.481 24.944 1.421 24.210 1.058 25.031 1.544 24.741 1.189 24.195 1.060 RRab    ACS
AndII    -V239  1 16 30.859 +33 26 51.28 0.548 25.081 1.106 24.384 0.560 25.183 1.225 24.847 0.945 24.368 0.502 RRab    ACS
AndII    -V240  1 16 30.953 +33 26 34.51 0.300 24.942 0.332 24.447 0.200 25.012 0.353 24.777 0.279 24.433 0.200 RRc     ACS
AndII    -V241  1 16 30.968 +33 26 11.17 0.533 25.074 1.264 24.378 0.602 25.172 1.390 24.851 1.001 24.366 0.594 RRab    ACS
AndII    -V242  1 16 30.985 +33 24 36.01 0.299 24.979 0.527 24.460 0.273 25.050 0.572 24.805 0.419 24.434 0.242 RRc     ACS
AndII    -V243  1 16 31.076 +33 25 56.95 0.355 25.026 0.570 24.376 0.461 25.119 0.624 24.811 0.480 24.361 0.440 RRd     ACS
AndII    -V244  1 16 31.254 +33 26 26.48 0.674 24.752 1.327 24.032 0.730 24.847 1.451 24.529 1.086 24.019 0.723 RRab    ACS
AndII    -V245  1 16 31.286 +33 26 30.59 0.629 25.102 0.934 24.284 0.505 25.222 1.028 24.828 0.773 24.262 0.528 RRab    ACS
AndII    -V246  1 16 31.349 +33 26 38.07 0.572 25.199 1.161 24.440 0.527 25.316 1.277 24.934 0.961 24.424 0.532 RRab    ACS
AndII    -V247  1 16 31.350 +33 25 04.89 0.609 24.994 1.302 24.296 0.688 25.085 1.427 24.771 1.069 24.284 0.682 RRab    ACS
AndII    -V248  1 16 31.386 +33 25 12.37 0.622 25.101 0.414 24.206 0.186 25.239 0.457 24.795 0.347 24.193 0.184 RRab    ACS
AndII    -V249  1 16 31.390 +33 25 26.23 0.312 25.048 0.642 24.471 0.272 25.129 0.705 24.849 0.512 24.461 0.269 RRc     ACS
AndII    -V250  1 16 31.434 +33 26 49.82 0.632 25.214 0.592 24.320 0.238 25.338 0.739 24.904 0.487 24.313 0.207 RRab    ACS
AndII    -V251  1 16 31.532 +33 26 38.18 0.577 25.094 1.201 24.342 0.749 25.213 1.291 24.823 1.051 24.331 0.725 RRab    ACS
AndII    -V252  1 16 31.559 +33 24 52.57 0.584 25.088 1.383 24.298 0.786 25.199 1.548 24.843 1.032 24.285 0.789 RRab    ACS
AndII    -V253  1 16 31.586 +33 25 26.20 0.608 25.183 0.553 24.327 0.244 25.314 0.638 24.896 0.369 24.314 0.245 RRab    ACS
AndII    -V254  1 16 31.646 +33 26 22.32 0.532 25.100 1.479 24.451 0.633 25.187 1.682 24.901 1.074 24.438 0.636 RRab    ACS
AndII    -V255  1 16 32.056 +33 24 42.23 0.334 24.947 0.459 24.387 0.226 25.018 0.507 24.760 0.362 24.373 0.213 RRc     ACS
AndII    -V256  1 16 32.156 +33 24 30.70 0.334 25.163 0.633 24.547 0.360 25.259 0.672 24.949 0.560 24.526 0.361 RRc     ACS
AndII    -V257  1 16 32.320 +33 25 03.20 0.643 25.127 0.640 24.274 0.347 25.262 0.712 24.830 0.514 24.257 0.335 RRab    ACS
