AndXV    -V001  1 14 10.037 +38 06 34.23 0.503 25.366 1.443 24.657 0.761 25.469 1.552 25.128 1.215 24.643 0.760 RRab    ACS
AndXV    -V002  1 14 10.426 +38 06 37.79 0.618 25.364 0.861 24.523 0.458 25.494 0.948 25.071 0.707 24.508 0.465 RRab    ACS
AndXV    -V003  1 14 10.438 +38 06 38.32 0.587 25.312 1.015 24.541 0.633 25.429 1.089 25.047 0.876 24.524 0.640 RRab    ACS
AndXV    -V004  1 14 11.397 +38 06 27.19 1.136 23.779 1.574 23.104 0.828 23.875 1.697 23.558 1.319 23.093 0.819 AC      ACS
AndXV    -V005  1 14 11.724 +38 06 47.28 0.547 25.335 1.217 24.546 0.808 25.440 1.359 25.083 0.996 24.530 0.833 RRab    ACS
AndXV    -V006  1 14 11.949 +38 06 51.41 0.377 25.235 0.602 24.599 0.433 25.329 0.665 25.014 0.488 24.581 0.434 RRc     ACS
AndXV    -V007  1 14 12.105 +38 07 17.08 0.629 25.320 0.671 24.470 0.385 25.449 0.736 25.032 0.565 24.455 0.393 RRab    ACS
AndXV    -V008  1 14 12.198 +38 06 54.71 0.329 25.246 0.605 24.632 0.393 25.332 0.664 25.038 0.482 24.610 0.390 RRc     ACS
AndXV    -V009  1 14 12.555 +38 06 08.23 0.365 25.305 0.493 24.659 0.240 25.404 0.526 25.074 0.416 24.641 0.239 RRc     ACS
AndXV    -V010  1 14 13.229 +38 07 23.41 0.576 25.356 0.452 24.537 0.351 25.475 0.482 25.083 0.404 24.521 0.355 RRab    ACS
AndXV    -V011  1 14 13.380 +38 06 34.38 0.609 25.360 1.069 24.522 0.558 25.490 1.164 25.074 0.905 24.513 0.544 RRab    ACS
AndXV    -V012  1 14 13.441 +38 07 03.68 0.543 25.256 0.949 24.537 0.415 25.360 1.032 25.006 0.722 24.521 0.422 RRab    ACS
AndXV    -V013  1 14 13.592 +38 07 44.73 0.608 25.244 1.430 24.481 0.668 25.356 1.613 24.983 1.140 24.468 0.672 RRab    ACS
AndXV    -V014  1 14 13.642 +38 06 04.53 0.518 25.359 1.305 24.685 0.669 25.457 1.428 25.135 1.039 24.673 0.665 RRab    ACS
AndXV    -V015  1 14 13.936 +38 06 04.72 0.621 25.385 0.631 24.559 0.347 25.512 0.698 25.101 0.515 24.544 0.354 RRab    ACS
AndXV    -V016  1 14 13.944 +38 07 35.31 0.868 24.331 1.406 23.554 0.776 24.436 1.550 24.084 1.146 23.536 0.734 AC      ACS
AndXV    -V017  1 14 14.008 +38 08 00.67 0.677 25.226 0.821 24.406 0.427 25.356 0.919 24.942 0.649 24.393 0.440 RRab    ACS
AndXV    -V018  1 14 14.094 +38 07 06.15 0.601 25.308 0.946 24.479 0.518 25.434 1.042 25.022 0.730 24.466 0.534 RRab    ACS
AndXV    -V019  1 14 14.115 +38 07 40.49 0.719 25.313 0.801 24.418 0.351 25.451 0.890 25.020 0.597 24.406 0.358 RRab    ACS
AndXV    -V020  1 14 14.371 +38 07 08.30 0.644 25.491 0.593 24.562 0.330 25.638 0.652 25.167 0.477 24.553 0.328 RRab    ACS
AndXV    -V021  1 14 14.428 +38 06 46.47 0.335 25.148 0.856 24.598 0.488 25.216 0.934 24.977 0.695 24.585 0.482 RRc     ACS
AndXV    -V022  1 14 14.538 +38 06 02.10 0.379 25.297 0.744 24.634 0.379 25.389 0.820 25.072 0.622 24.618 0.385 RRd     ACS
AndXV    -V023  1 14 14.672 +38 07 29.59 0.763 25.390 0.591 24.451 0.370 25.543 0.634 25.062 0.532 24.439 0.377 RRab    ACS
AndXV    -V024  1 14 14.685 +38 07 42.10 0.634 25.429 0.625 24.564 0.222 25.534 0.549 25.107 0.477 24.560 0.256 RRab    ACS
AndXV    -V025  1 14 14.907 +38 07 15.36 0.586 25.426 0.975 24.607 0.467 25.549 1.094 25.158 0.765 24.593 0.479 RRab    ACS
AndXV    -V026  1 14 14.954 +38 08 03.67 0.361 25.367 0.612 24.641 0.323 25.471 0.673 25.125 0.504 24.624 0.326 RRd     ACS
AndXV    -V027  1 14 15.053 +38 06 56.62 0.374 25.076 0.804 24.465 0.460 25.170 0.857 24.854 0.689 24.448 0.458 RRc     ACS
AndXV    -V028  1 14 15.109 +38 07 54.94 0.604 25.280 1.149 24.495 0.589 25.392 1.266 25.022 0.943 24.480 0.593 RRab    ACS
AndXV    -V029  1 14 15.128 +38 09 05.83 0.620 25.467 0.981 24.624 0.506 25.593 1.098 25.190 0.780 24.613 0.502 RRab    ACS
AndXV    -V030  1 14 15.377 +38 07 59.72 0.369 25.347 0.553 24.678 0.327 25.444 0.607 25.119 0.450 24.663 0.259 RRd     ACS
AndXV    -V031  1 14 15.388 +38 06 29.96 0.624 25.411 0.646 24.566 0.388 25.549 0.712 25.121 0.500 24.552 0.347 RRab    ACS
AndXV    -V032  1 14 15.762 +38 07 00.13 0.614 25.385 0.725 24.487 0.421 25.538 0.792 25.060 0.614 24.466 0.485 RRab    ACS
AndXV    -V033  1 14 15.772 +38 07 34.24 0.383 25.355 0.460 24.603 0.193 25.467 0.503 25.094 0.378 24.588 0.194 RRd     ACS
AndXV    -V034  1 14 15.786 +38 07 24.76 0.594 25.400 1.053 24.548 0.469 25.504 1.265 25.119 0.799 24.540 0.504 RRab    ACS
AndXV    -V035  1 14 15.902 +38 07 59.68 0.586 25.327 0.949 24.453 0.392 25.475 1.073 25.012 0.763 24.441 0.397 RRab    ACS
AndXV    -V036  1 14 16.003 +38 05 41.34 0.608 25.350 0.963 24.517 0.472 25.479 1.055 25.061 0.811 24.502 0.484 RRab    ACS
AndXV    -V037  1 14 16.062 +38 06 30.97 0.291 25.206 0.482 24.657 0.240 25.282 0.519 25.017 0.392 24.639 0.236 RRc     ACS
AndXV    -V038  1 14 16.166 +38 06 34.90 0.660 25.322 0.860 24.443 0.566 25.451 0.940 25.037 0.728 24.431 0.572 RRab    ACS
AndXV    -V039  1 14 16.308 +38 07 17.20 0.718 25.330 0.777 24.481 0.337 25.462 0.878 25.042 0.685 24.468 0.342 RRab    ACS
AndXV    -V040  1 14 16.332 +38 05 29.93 0.616 25.393 0.470 24.598 0.315 25.516 0.506 25.117 0.404 24.581 0.319 RRab    ACS
AndXV    -V041  1 14 16.408 +38 07 30.50 0.596 25.415 0.765 24.549 0.451 25.556 0.836 25.110 0.644 24.538 0.455 RRab    ACS
AndXV    -V042  1 14 16.461 +38 05 38.88 0.591 25.313 1.388 24.567 0.623 25.428 1.518 25.050 1.152 24.552 0.627 RRab    ACS
AndXV    -V043  1 14 16.496 +38 06 23.17 0.554 25.354 1.189 24.582 0.610 25.473 1.278 25.072 1.155 24.569 0.611 RRab    ACS
AndXV    -V044  1 14 16.625 +38 08 11.17 0.387 25.309 0.592 24.598 0.323 25.411 0.641 25.069 0.501 24.581 0.327 RRc     ACS
AndXV    -V045  1 14 16.652 +38 07 12.56 0.354 25.289 0.636 24.652 0.373 25.376 0.693 25.077 0.525 24.638 0.337 RRc     ACS
AndXV    -V046  1 14 16.669 +38 08 35.02 0.639 25.471 0.602 24.580 0.351 25.609 0.656 25.166 0.565 24.567 0.355 RRab    ACS
AndXV    -V047  1 14 16.710 +38 07 39.90 0.570 25.390 1.247 24.574 0.621 25.515 1.377 25.109 1.037 24.561 0.633 RRab    ACS
AndXV    -V048  1 14 16.782 +38 07 37.87 0.557 25.356 1.460 24.615 0.639 25.465 1.624 25.110 1.131 24.608 0.631 RRab    ACS
AndXV    -V049  1 14 17.110 +38 08 59.23 0.609 25.384 1.269 24.536 0.680 25.506 1.397 25.106 1.052 24.521 0.693 RRab    ACS
AndXV    -V050  1 14 17.204 +38 06 10.24 0.567 25.332 1.193 24.592 0.533 25.444 1.293 25.099 0.824 24.578 0.531 RRab    ACS
AndXV    -V051  1 14 17.221 +38 06 02.04 0.719 25.334 0.396 24.444 0.250 25.473 0.428 25.024 0.322 24.425 0.217 RRab    ACS
AndXV    -V052  1 14 17.379 +38 06 42.87 1.356 23.729 1.470 23.035 0.695 23.845 1.596 23.505 1.119 23.021 0.703 AC      ACS
AndXV    -V053  1 14 17.441 +38 07 14.82 0.601 25.446 0.992 24.602 0.589 25.615 1.184 25.121 0.747 24.585 0.589 RRab    ACS
AndXV    -V054  1 14 17.512 +38 06 59.99 0.366 25.360 0.764 24.680 0.276 25.468 0.834 25.123 0.544 24.665 0.274 RRd     ACS
AndXV    -V055  1 14 17.543 +38 07 26.68 0.355 25.384 0.557 24.673 0.274 25.483 0.626 25.146 0.421 24.658 0.266 RRc     ACS
AndXV    -V056  1 14 17.562 +38 06 35.85 0.615 25.477 0.697 24.556 0.328 25.620 0.773 25.181 0.455 24.542 0.340 RRab    ACS
AndXV    -V057  1 14 17.592 +38 06 31.58 0.315 25.246 0.258 24.688 0.070 25.330 0.308 25.046 0.161 24.674 0.066 RRc     ACS
AndXV    -V058  1 14 17.878 +38 06 21.11 0.533 25.318 1.380 24.629 0.614 25.416 1.502 25.094 1.111 24.614 0.613 RRab    ACS
AndXV    -V059  1 14 18.147 +38 07 49.60 0.657 25.327 0.631 24.463 0.326 25.459 0.690 25.033 0.527 24.448 0.332 RRab    ACS
AndXV    -V060  1 14 18.338 +38 06 02.29 0.383 25.295 0.466 24.597 0.268 25.396 0.519 25.055 0.387 24.587 0.281 RRd     ACS
AndXV    -V061  1 14 18.360 +38 08 09.73 0.310 25.320 0.647 24.728 0.391 25.401 0.691 25.119 0.560 24.710 0.384 RRc     ACS
AndXV    -V062  1 14 18.475 +38 08 44.97 0.404 25.321 0.570 24.620 0.222 25.424 0.662 25.080 0.407 24.604 0.221 RRc     ACS
AndXV    -V063  1 14 18.479 +38 07 22.92 0.587 25.423 1.134 24.524 0.542 25.550 1.227 25.138 0.985 24.512 0.549 RRab    ACS
AndXV    -V064  1 14 18.501 +38 06 56.20 0.635 25.341 1.101 24.493 0.554 25.474 1.196 25.065 0.955 24.481 0.566 RRab    ACS
AndXV    -V065  1 14 18.533 +38 06 20.82 0.556 25.323 0.446 24.614 0.287 25.425 0.480 25.078 0.381 24.594 0.284 RRab    ACS
AndXV    -V066  1 14 18.593 +38 07 25.71 0.591 25.352 1.078 24.531 0.599 25.479 1.179 25.063 0.903 24.516 0.607 RRab    ACS
AndXV    -V067  1 14 18.834 +38 07 07.46 0.274 25.392 0.292 24.839 0.265 25.452 0.332 25.204 0.234 24.826 0.258 RRc     ACS
AndXV    -V068  1 14 19.085 +38 07 51.02 0.629 25.291 1.193 24.450 0.516 25.425 1.343 24.991 0.927 24.435 0.524 RRab    ACS
AndXV    -V069  1 14 19.106 +38 06 45.73 0.619 25.205 1.310 24.406 0.757 25.315 1.449 24.946 1.078 24.387 0.782 RRab    ACS
AndXV    -V070  1 14 19.110 +38 06 37.81 0.555 25.346 1.181 24.620 0.628 25.448 1.301 25.104 1.017 24.607 0.625 RRab    ACS
AndXV    -V071  1 14 19.156 +38 06 54.80 0.576 25.345 0.453 24.649 0.369 25.444 0.488 25.111 0.399 24.632 0.369 RRab    ACS
AndXV    -V072  1 14 19.294 +38 07 30.89 0.627 25.381 0.710 24.524 0.355 25.518 0.843 25.090 0.555 24.511 0.364 RRab    ACS
AndXV    -V073  1 14 19.531 +38 07 00.66 0.633 25.469 0.536 24.546 0.404 25.608 0.580 25.162 0.462 24.532 0.412 RRab    ACS
AndXV    -V074  1 14 19.615 +38 05 10.78 0.344 25.369 0.697 24.720 0.356 25.459 0.778 25.152 0.533 24.709 0.338 RRc     ACS
AndXV    -V075  1 14 19.695 +38 05 50.54 0.363 25.405 0.453 24.696 0.178 25.507 0.504 25.165 0.360 24.676 0.177 RRd     ACS
AndXV    -V076  1 14 19.836 +38 07 00.75 0.710 25.406 0.681 24.514 0.229 25.547 0.767 25.107 0.529 24.504 0.230 RRab    ACS
AndXV    -V077  1 14 19.915 +38 05 32.30 0.377 25.326 0.586 24.629 0.308 25.451 0.692 25.052 0.426 24.610 0.309 RRd     ACS
AndXV    -V078  1 14 19.950 +38 07 15.13 0.392 25.223 0.517 24.523 0.315 25.329 0.559 24.977 0.433 24.506 0.314 RRc     ACS
AndXV    -V079  1 14 20.008 +38 07 06.84 0.608 25.350 0.597 24.537 0.337 25.477 0.648 25.064 0.509 24.520 0.343 RRab    ACS
AndXV    -V080  1 14 20.144 +38 07 17.47 0.608 25.448 0.737 24.583 0.451 25.583 0.793 25.149 0.641 24.568 0.459 RRab    ACS
AndXV    -V081  1 14 20.245 +38 06 39.09 0.562 25.344 1.096 24.570 0.633 25.461 1.200 25.083 0.975 24.555 0.639 RRab    ACS
AndXV    -V082  1 14 20.256 +38 06 15.20 0.546 25.310 0.742 24.562 0.315 25.422 0.809 25.054 0.622 24.556 0.333 RRab    ACS
AndXV    -V083  1 14 20.292 +38 06 14.81 0.436 25.192 0.518 24.532 0.307 25.286 0.556 24.958 0.424 24.514 0.302 RRc     ACS
AndXV    -V084  1 14 20.580 +38 06 16.95 0.387 25.268 0.470 24.547 0.161 25.381 0.540 25.016 0.345 24.530 0.167 RRd     ACS
AndXV    -V085  1 14 20.593 +38 06 14.32 0.369 25.292 0.544 24.612 0.363 25.392 0.586 25.050 0.466 24.589 0.335 RRd     ACS
AndXV    -V086  1 14 20.702 +38 06 26.51 0.641 25.363 0.419 24.495 0.189 25.496 0.469 25.069 0.346 24.479 0.196 RRab    ACS
AndXV    -V087  1 14 20.754 +38 06 41.54 0.430 25.094 0.514 24.469 0.337 25.183 0.542 24.879 0.448 24.452 0.331 RRc     ACS
AndXV    -V088  1 14 20.782 +38 08 23.97 0.365 25.393 0.569 24.707 0.335 25.494 0.622 25.155 0.474 24.691 0.333 RRc     ACS
AndXV    -V089  1 14 20.831 +38 05 49.88 0.579 25.385 1.101 24.600 0.595 25.506 1.187 25.117 0.931 24.589 0.597 RRab    ACS
AndXV    -V090  1 14 20.860 +38 07 15.41 0.355 25.272 0.743 24.609 0.253 25.374 0.790 25.051 0.581 24.598 0.219 RRd     ACS
AndXV    -V091  1 14 20.997 +38 08 25.84 0.574 25.412 1.200 24.622 0.677 25.531 1.339 25.145 0.869 24.609 0.687 RRab    ACS
AndXV    -V092  1 14 21.119 +38 06 50.49 0.414 25.134 0.527 24.483 0.261 25.227 0.576 24.917 0.435 24.467 0.255 RRc     ACS
AndXV    -V093  1 14 21.152 +38 06 12.27 0.703 25.246 0.886 24.396 0.468 25.377 0.976 24.955 0.733 24.391 0.470 RRab    ACS
AndXV    -V094  1 14 21.189 +38 05 43.68 0.589 25.419 0.898 24.573 0.445 25.540 0.982 25.143 0.679 24.557 0.462 RRab    ACS
AndXV    -V095  1 14 21.317 +38 07 06.72 0.648 25.464 0.438 24.559 0.238 25.626 0.507 25.126 0.420 24.539 0.251 RRab    ACS
AndXV    -V096  1 14 21.456 +38 06 57.76 0.533 25.313 1.354 24.537 0.863 25.427 1.432 25.054 1.205 24.520 0.876 RRab    ACS
AndXV    -V097  1 14 21.472 +38 06 45.08 0.634 25.307 0.745 24.496 0.381 25.445 0.845 25.008 0.589 24.117 0.756 RRab    ACS
AndXV    -V098  1 14 21.638 +38 07 24.13 0.337 25.316 0.615 24.687 0.395 25.402 0.656 25.104 0.544 24.662 0.397 RRc     ACS
AndXV    -V099  1 14 21.716 +38 07 27.32 0.379 25.344 0.534 24.633 0.276 25.442 0.580 25.108 0.436 24.614 0.276 RRd     ACS
AndXV    -V100  1 14 21.863 +38 06 25.71 0.594 25.244 1.109 24.506 0.695 25.343 1.237 24.992 0.904 24.489 0.698 RRab    ACS
AndXV    -V101  1 14 22.060 +38 06 04.56 0.662 25.438 0.356 24.508 0.160 25.584 0.399 25.122 0.292 24.496 0.163 RRab    ACS
AndXV    -V102  1 14 22.127 +38 07 28.93 0.383 25.216 0.514 24.548 0.354 25.309 0.554 24.993 0.438 24.529 0.348 RRc     ACS
AndXV    -V103  1 14 22.283 +38 07 35.67 0.718 25.348 0.557 24.464 0.285 25.483 0.621 25.047 0.458 24.450 0.291 RRab    ACS
AndXV    -V104  1 14 22.385 +38 07 36.93 0.708 25.083 0.639 24.211 0.328 25.209 0.734 24.789 0.521 24.196 0.355 RRab    ACS
AndXV    -V105  1 14 22.439 +38 05 12.71 0.656 25.486 0.501 24.577 0.279 25.626 0.552 25.178 0.415 24.563 0.284 RRab    ACS
AndXV    -V106  1 14 22.533 +38 05 50.63 0.594 25.383 0.660 24.556 0.381 25.507 0.734 25.098 0.580 24.535 0.339 RRab    ACS
AndXV    -V107  1 14 22.722 +38 08 03.71 0.306 25.253 0.224 24.709 0.137 25.328 0.240 25.064 0.186 24.690 0.136 RRc     ACS
AndXV    -V108  1 14 22.920 +38 07 22.65 0.565 25.365 1.120 24.598 0.531 25.480 1.239 25.108 0.914 24.585 0.540 RRab    ACS
AndXV    -V109  1 14 22.951 +38 08 12.04 0.632 25.343 0.876 24.500 0.594 25.477 0.918 25.053 0.786 24.484 0.602 RRab    ACS
AndXV    -V110  1 14 23.044 +38 07 18.44 0.612 25.351 0.788 24.552 0.450 25.477 0.838 25.069 0.706 24.536 0.454 RRab    ACS
AndXV    -V111  1 14 23.329 +38 07 24.44 0.617 25.277 1.011 24.576 0.411 25.387 1.146 25.114 0.682 24.561 0.421 RRab    ACS
AndXV    -V112  1 14 23.539 +38 06 14.84 0.604 25.448 0.975 24.572 0.522 25.586 1.079 25.144 0.817 24.559 0.533 RRab    ACS
AndXV    -V113  1 14 23.613 +38 05 28.78 0.398 25.255 0.613 24.560 0.241 25.353 0.699 25.016 0.462 24.544 0.243 RRc     ACS
AndXV    -V114  1 14 23.963 +38 07 30.64 0.519 25.341 0.614 24.602 0.341 25.447 0.673 25.089 0.509 24.584 0.346 RRab    ACS
AndXV    -V115  1 14 24.167 +38 06 29.23 0.516 25.365 1.390 24.597 0.592 25.475 1.540 25.118 1.038 24.583 0.549 RRab    ACS
AndXV    -V116  1 14 24.684 +38 07 01.39 0.541 25.368 1.090 24.619 0.587 25.485 1.186 25.102 0.912 24.597 0.548 RRab    ACS
AndXV    -V117  1 14 24.964 +38 05 46.79 2.186 23.608 0.330 22.608 0.178 23.769 0.373 23.266 0.279 22.598 0.184 AC      ACS
AndXV    -V118  1 14 25.354 +38 08 18.49 0.359 25.420 0.450 24.748 0.301 25.520 0.489 25.190 0.367 24.729 0.257 RRd     ACS
AndXV    -V119  1 14 25.572 +38 06 03.43 0.361 25.421 0.435 24.722 0.233 25.524 0.471 25.180 0.360 24.703 0.236 RRc     ACS
AndXV    -V120  1 14 25.615 +38 06 48.64 0.522 25.316 1.548 24.592 0.805 25.427 1.682 25.053 1.310 24.578 0.808 RRab    ACS
AndXV    -V121  1 14 27.087 +38 08 00.23 0.585 25.350 0.922 24.596 0.509 25.451 1.042 25.102 0.737 24.582 0.513 RRab    ACS
